0.0206766
0.0206408
0.020605
0.0205693
0.0205336
0.0204978
0.0204621
0.0204264
0.0203908
0.0203551
0.0203194
0.0202838
0.0202482
0.0202125
0.0201769
0.0201414
0.0201058
0.0200702
0.0200347
0.0199991
0.0199636
0.0199281
0.0198926
0.0198572
0.0198217
0.0197862
0.0197508
0.0197154
0.01968
0.0196446
0.0196092
0.0195738
0.0195385
0.0195032
0.0194678
0.0194325
0.0193972
0.019362
0.0193267
0.0192914
0.0192562
0.019221
0.0191858
0.0191506
0.0191154
0.0190802
0.0190451
0.0190099
0.0189748
0.0189397
0.0189046
0.0188695
0.0188344
0.0187994
0.0187644
0.0187293
0.0186943
0.0186593
0.0186243
0.0185894
0.0185544
0.0185195
0.0184846
0.0184497
0.0184148
0.0183799
0.018345
0.0183102
0.0182753
0.0182405
0.0182057
0.0181709
0.0181362
0.0181014
0.0180666
0.0180319
0.0179972
0.0179625
0.0179278
0.0178931
0.0178585
0.0178238
0.0177892
0.0177546
0.01772
0.0176854
0.0176509
0.0176163
0.0175818
0.0175472
0.0175127
0.0174782
0.0174438
0.0174093
0.0173749
0.0173404
0.017306
0.0172716
0.0172372
0.0172028
0.0171685
0.0171341
0.0170998
0.0170655
0.0170312
0.0169969
0.0169627
0.0169284
0.0168942
0.01686
0.0168258
0.0167916
0.0167574
0.0167233
0.0166891
0.016655
0.0166209
0.0165868
0.0165527
0.0165186
0.0164846
0.0164506
0.0164165
0.0163825
0.0163486
0.0163146
0.0162806
0.0162467
0.0162128
0.0161789
0.016145
0.0161111
0.0160772
0.0160434
0.0160096
0.0159758
0.015942
0.0159082
0.0158744
0.0158407
0.0158069
0.0157732
0.0157395
0.0157058
0.0156722
0.0156385
0.0156049
0.0155713
0.0155377
0.0155041
0.0154705
0.0154369
0.0154034
0.0153699
0.0153364
0.0153029
0.0152694
0.0152359
0.0152025
0.0151691
0.0151357
0.0151023
0.0150689
0.0150355
0.0150022
0.0149689
0.0149356
0.0149023
0.014869
0.0148357
0.0148025
0.0147692
0.014736
0.0147028
0.0146696
0.0146365
0.0146033
0.0145702
0.0145371
0.014504
0.0144709
0.0144378
0.0144048
0.0143718
0.0143388
0.0143058
0.0142728
0.0142398
0.0142069
0.0141739
0.014141
0.0141081
0.0140752
0.0140424
0.0140095
0.0139767
0.0139439
0.0139111
0.0138783
0.0138456
0.0138128
0.0137801
0.0137474
0.0137147
0.013682
0.0136493
0.0136167
0.0135841
0.0135515
0.0135189
0.0134863
0.0134537
0.0134212
0.0133887
0.0133562
0.0133237
0.0132912
0.0132588
0.0132263
0.0131939
0.0131615
0.0131291
0.0130967
0.0130644
0.0130321
0.0129997
0.0129675
0.0129352
0.0129029
0.0128707
0.0128384
0.0128062
0.012774
0.0127419
0.0127097
0.0126776
0.0126454
0.0126133
0.0125812
0.0125492
0.0125171
0.0124851
0.0124531
0.0124211
0.0123891
0.0123571
0.0123252
0.0122932
0.0122613
0.0122294
0.0121976
0.0121657
0.0121339
0.012102
0.0120702
0.0120384
0.0120067
0.0119749
0.0119432
0.0119115
0.0118798
0.0118481
0.0118164
0.0117848
0.0117532
0.0117216
0.01169
0.0116584
0.0116269
0.0115953
0.0115638
0.0115323
0.0115008
0.0114694
0.0114379
0.0114065
0.0113751
0.0113437
0.0113123
0.011281
0.0112496
0.0112183
0.011187
0.0111557
0.0111245
0.0110932
0.011062
0.0110308
0.0109996
0.0109685
0.0109373
0.0109062
0.0108751
0.010844
0.0108129
0.0107818
0.0107508
0.0107198
0.0106888
0.0106578
0.0106268
0.0105959
0.0105649
0.010534
0.0105031
0.0104723
0.0104414
0.0104106
0.0103798
0.010349
0.0103182
0.0102874
0.0102567
0.010226
0.0101953
0.0101646
0.0101339
0.0101033
0.0100726
0.010042
0.0100114
0.00998086
0.00995031
0.00991977
0.00988926
0.00985876
0.00982829
0.00979783
0.00976739
0.00973697
0.00970657
0.00967619
0.00964583
0.00961549
0.00958516
0.00955486
0.00952457
0.00949431
0.00946406
0.00943383
0.00940362
0.00937343
0.00934326
0.00931311
0.00928298
0.00925287
0.00922278
0.0091927
0.00916265
0.00913261
0.0091026
0.0090726
0.00904262
0.00901267
0.00898273
0.00895281
0.00892291
0.00889303
0.00886317
0.00883333
0.00880351
0.00877371
0.00874393
0.00871417
0.00868442
0.0086547
0.008625
0.00859531
0.00856565
0.00853601
0.00850638
0.00847678
0.00844719
0.00841762
0.00838808
0.00835855
0.00832905
0.00829956
0.00827009
0.00824065
0.00821122
0.00818181
0.00815243
0.00812306
0.00809371
0.00806438
0.00803508
0.00800579
0.00797652
0.00794727
0.00791805
0.00788884
0.00785965
0.00783048
0.00780134
0.00777221
0.0077431
0.00771401
0.00768495
0.0076559
0.00762687
0.00759787
0.00756888
0.00753991
0.00751097
0.00748204
0.00745313
0.00742425
0.00739538
0.00736654
0.00733771
0.00730891
0.00728013
0.00725136
0.00722262
0.0071939
0.00716519
0.00713651
0.00710785
0.00707921
0.00705059
0.00702199
0.00699341
0.00696485
0.00693631
0.00690779
0.00687929
0.00685081
0.00682236
0.00679392
0.0067655
0.00673711
0.00670874
0.00668038
0.00665205
0.00662374
0.00659544
0.00656717
0.00653892
0.00651069
0.00648248
0.00645429
0.00642613
0.00639798
0.00636985
0.00634175
0.00631366
0.0062856
0.00625756
0.00622954
0.00620154
0.00617356
0.0061456
0.00611766
0.00608974
0.00606184
0.00603397
0.00600611
0.00597828
0.00595047
0.00592268
0.00589491
0.00586716
0.00583943
0.00581172
0.00578404
0.00575637
0.00572873
0.0057011
0.0056735
0.00564592
0.00561836
0.00559082
0.00556331
0.00553581
0.00550834
0.00548088
0.00545345
0.00542604
0.00539865
0.00537129
0.00534394
0.00531661
0.00528931
0.00526203
0.00523476
0.00520753
0.00518031
0.00515311
0.00512593
0.00509878
0.00507165
0.00504454
0.00501745
0.00499038
0.00496333
0.00493631
0.0049093
0.00488232
0.00485536
0.00482842
0.0048015
0.00477461
0.00474773
0.00472088
0.00469405
0.00466724
0.00464045
0.00461369
0.00458694
0.00456022
0.00453352
0.00450684
0.00448018
0.00445355
0.00442693
0.00440034
0.00437377
0.00434722
0.0043207
0.00429419
0.00426771
0.00424125
0.00421481
0.00418839
0.004162
0.00413563
0.00410928
0.00408295
0.00405664
0.00403035
0.00400409
0.00397785
0.00395163
0.00392543
0.00389926
0.00387311
0.00384698
0.00382087
0.00379478
0.00376872
0.00374267
0.00371665
0.00369065
0.00366468
0.00363873
0.00361279
0.00358689
0.003561
0.00353513
0.00350929
0.00348347
0.00345767
0.0034319
0.00340614
0.00338041
0.0033547
0.00332902
0.00330335
0.00327771
0.00325209
0.0032265
0.00320092
0.00317537
0.00314984
0.00312434
0.00309885
0.00307339
0.00304795
0.00302253
0.00299714
0.00297177
0.00294642
0.00292109
0.00289579
0.0028705
0.00284525
0.00282001
0.0027948
0.0027696
0.00274444
0.00271929
0.00269417
0.00266907
0.00264399
0.00261893
0.0025939
0.00256889
0.00254391
0.00251894
0.002494
0.00246908
0.00244419
0.00241931
0.00239446
0.00236964
0.00234483
0.00232005
0.00229529
0.00227056
0.00224585
0.00222116
0.00219649
0.00217185
0.00214722
0.00212263
0.00209805
0.0020735
0.00204897
0.00202447
0.00199998
0.00197552
0.00195109
0.00192667
0.00190228
0.00187791
0.00185357
0.00182925
0.00180495
0.00178068
0.00175642
0.0017322
0.00170799
0.00168381
0.00165965
0.00163551
0.0016114
0.00158731
0.00156325
0.0015392
0.00151519
0.00149119
0.00146722
0.00144327
0.00141934
0.00139544
0.00137156
0.0013477
0.00132387
0.00130006
0.00127628
0.00125251
0.00122877
0.00120506
0.00118137
0.0011577
0.00113405
0.00111043
0.00108683
0.00106326
0.00103971
0.00101618
0.000992677
0.000969196
0.00094574
0.000922307
0.000898897
0.000875511
0.000852149
0.00082881
0.000805495
0.000782204
0.000758936
0.000735692
0.000712472
0.000689276
0.000666103
0.000642954
0.000619829
0.000596727
0.000573649
0.000550595
0.000527565
0.000504559
0.000481576
0.000458617
0.000435683
0.000412772
0.000389884
0.000367021
0.000344182
0.000321366
0.000298575
0.000275807
0.000253063
0.000230344
0.000207648
0.000184976
0.000162328
0.000139705
0.000117105
9.4529e-05
7.19772e-05
4.94495e-05
2.69458e-05
4.46626e-06
-1.79892e-05
-4.04207e-05
-6.2828e-05
-8.52112e-05
-0.00010757
-0.000129905
-0.000152216
-0.000174503
-0.000196765
-0.000219003
-0.000241217
-0.000263407
-0.000285573
-0.000307714
-0.000329832
-0.000351925
-0.000373993
-0.000396038
-0.000418058
-0.000440054
-0.000462025
-0.000483972
-0.000505895
-0.000527794
-0.000549668
-0.000571518
-0.000593343
-0.000615144
-0.000636921
-0.000658673
-0.000680401
-0.000702104
-0.000723783
-0.000745438
-0.000767068
-0.000788673
-0.000810254
-0.000831811
-0.000853343
-0.000874851
-0.000896334
-0.000917792
-0.000939226
-0.000960635
-0.00098202
-0.00100338
-0.00102472
-0.00104603
-0.00106731
-0.00108858
-0.00110981
-0.00113102
-0.00115221
-0.00117338
-0.00119451
-0.00121563
-0.00123672
-0.00125778
-0.00127882
-0.00129984
-0.00132083
-0.00134179
-0.00136273
-0.00138365
-0.00140454
-0.0014254
-0.00144625
-0.00146706
-0.00148785
-0.00150862
-0.00152936
-0.00155008
-0.00157077
-0.00159144
-0.00161208
-0.0016327
-0.00165329
-0.00167386
-0.0016944
-0.00171492
-0.00173541
-0.00175588
-0.00177632
-0.00179674
-0.00181713
-0.0018375
-0.00185785
-0.00187816
-0.00189846
-0.00191872
-0.00193897
-0.00195918
-0.00197938
-0.00199954
-0.00201969
-0.0020398
-0.0020599
-0.00207996
-0.0021
-0.00212002
-0.00214001
-0.00215998
-0.00217992
-0.00219983
-0.00221973
-0.00223959
-0.00225943
-0.00227925
-0.00229904
-0.0023188
-0.00233854
-0.00235825
-0.00237794
-0.0023976
-0.00241724
-0.00243685
-0.00245644
-0.002476
-0.00249554
-0.00251505
-0.00253454
-0.002554
-0.00257343
-0.00259284
-0.00261223
-0.00263159
-0.00265092
-0.00267023
-0.00268951
-0.00270877
-0.002728
-0.0027472
-0.00276638
-0.00278554
-0.00280467
-0.00282377
-0.00284285
-0.0028619
-0.00288093
-0.00289993
-0.00291891
-0.00293786
-0.00295678
-0.00297568
-0.00299456
-0.00301341
-0.00303223
-0.00305103
-0.0030698
-0.00308854
-0.00310726
-0.00312596
-0.00314463
-0.00316327
-0.00318189
-0.00320048
-0.00321904
-0.00323758
-0.0032561
-0.00327459
-0.00329305
-0.00331148
-0.0033299
-0.00334828
-0.00336664
-0.00338497
-0.00340328
-0.00342156
-0.00343982
-0.00345805
-0.00347626
-0.00349443
-0.00351259
-0.00353071
-0.00354882
-0.00356689
-0.00358494
-0.00360296
-0.00362096
-0.00363893
-0.00365688
-0.0036748
-0.00369269
-0.00371056
-0.0037284
-0.00374621
-0.003764
-0.00378177
-0.00379951
-0.00381722
-0.0038349
-0.00385256
-0.00387019
-0.0038878
-0.00390538
-0.00392294
-0.00394047
-0.00395797
-0.00397545
-0.0039929
-0.00401032
-0.00402772
-0.00404509
-0.00406244
-0.00407976
-0.00409705
-0.00411432
-0.00413156
-0.00414877
-0.00416596
-0.00418313
-0.00420026
-0.00421737
-0.00423446
-0.00425151
-0.00426855
-0.00428555
-0.00430253
-0.00431948
-0.00433641
-0.00435331
-0.00437018
-0.00438703
-0.00440385
-0.00442064
-0.00443741
-0.00445415
-0.00447087
-0.00448756
-0.00450422
-0.00452086
-0.00453747
-0.00455405
-0.00457061
-0.00458714
-0.00460364
-0.00462012
-0.00463657
-0.004653
-0.00466939
-0.00468577
-0.00470211
-0.00471843
-0.00473472
-0.00475099
-0.00476723
-0.00478344
-0.00479963
-0.00481579
-0.00483192
-0.00484803
-0.00486411
-0.00488016
-0.00489619
-0.00491219
-0.00492816
-0.00494411
-0.00496003
-0.00497592
-0.00499179
-0.00500763
-0.00502344
-0.00503923
-0.00505499
-0.00507072
-0.00508643
-0.00510211
-0.00511776
-0.00513339
-0.00514899
-0.00516457
-0.00518011
-0.00519563
-0.00521113
-0.00522659
-0.00524203
-0.00525744
-0.00527283
-0.00528819
-0.00530352
-0.00531883
-0.00533411
-0.00534936
-0.00536458
-0.00537978
-0.00539495
-0.0054101
-0.00542522
-0.00544031
-0.00545537
-0.00547041
-0.00548542
-0.0055004
-0.00551536
-0.00553029
-0.00554519
-0.00556007
-0.00557492
-0.00558974
-0.00560453
-0.0056193
-0.00563404
-0.00564876
-0.00566344
-0.0056781
-0.00569274
-0.00570734
-0.00572192
-0.00573647
-0.005751
-0.0057655
-0.00577997
-0.00579441
-0.00580883
-0.00582322
-0.00583758
-0.00585191
-0.00586622
-0.0058805
-0.00589476
-0.00590898
-0.00592318
-0.00593736
-0.0059515
-0.00596562
-0.00597971
-0.00599378
-0.00600781
-0.00602182
-0.00603581
-0.00604976
-0.00606369
-0.00607759
-0.00609147
-0.00610531
-0.00611913
-0.00613292
-0.00614669
-0.00616043
-0.00617414
-0.00618782
-0.00620148
-0.00621511
-0.00622871
-0.00624228
-0.00625583
-0.00626935
-0.00628284
-0.0062963
-0.00630974
-0.00632315
-0.00633654
-0.00634989
-0.00636322
-0.00637652
-0.00638979
-0.00640304
-0.00641626
-0.00642945
-0.00644261
-0.00645575
-0.00646886
-0.00648194
-0.006495
-0.00650802
-0.00652102
-0.00653399
-0.00654694
-0.00655986
-0.00657275
-0.00658561
-0.00659844
-0.00661125
-0.00662403
-0.00663678
-0.00664951
-0.00666221
-0.00667488
-0.00668752
-0.00670013
-0.00671272
-0.00672528
-0.00673781
-0.00675032
-0.00676279
-0.00677524
-0.00678767
-0.00680006
-0.00681243
-0.00682477
-0.00683708
-0.00684936
-0.00686162
-0.00687385
-0.00688605
-0.00689822
-0.00691037
-0.00692249
-0.00693458
-0.00694664
-0.00695868
-0.00697068
-0.00698266
-0.00699462
-0.00700654
-0.00701844
-0.00703031
-0.00704215
-0.00705396
-0.00706575
-0.00707751
-0.00708924
-0.00710094
-0.00711262
-0.00712426
-0.00713588
-0.00714748
-0.00715904
-0.00717058
-0.00718209
-0.00719357
-0.00720502
-0.00721645
-0.00722784
-0.00723921
-0.00725056
-0.00726187
-0.00727316
-0.00728442
-0.00729565
-0.00730685
-0.00731802
-0.00732917
-0.00734029
-0.00735138
-0.00736245
-0.00737348
-0.00738449
-0.00739547
-0.00740642
-0.00741735
-0.00742824
-0.00743911
-0.00744995
-0.00746076
-0.00747155
-0.00748231
-0.00749303
-0.00750374
-0.00751441
-0.00752505
-0.00753567
-0.00754626
-0.00755682
-0.00756735
-0.00757786
-0.00758834
-0.00759879
-0.00760921
-0.0076196
-0.00762997
-0.0076403
-0.00765061
-0.00766089
-0.00767115
-0.00768137
-0.00769157
-0.00770174
-0.00771188
-0.00772199
-0.00773208
-0.00774214
-0.00775216
-0.00776217
-0.00777214
-0.00778208
-0.007792
-0.00780189
-0.00781175
-0.00782158
-0.00783138
-0.00784116
-0.00785091
-0.00786063
-0.00787032
-0.00787998
-0.00788962
-0.00789923
-0.00790881
-0.00791836
-0.00792788
-0.00793737
-0.00794684
-0.00795628
-0.00796569
-0.00797507
-0.00798443
-0.00799375
-0.00800305
-0.00801232
-0.00802156
-0.00803077
-0.00803996
-0.00804911
-0.00805824
-0.00806734
-0.00807641
-0.00808546
-0.00809447
-0.00810346
-0.00811242
-0.00812135
-0.00813025
-0.00813912
-0.00814797
-0.00815679
-0.00816558
-0.00817434
-0.00818307
-0.00819177
-0.00820045
-0.0082091
-0.00821772
-0.00822631
-0.00823487
-0.00824341
-0.00825191
-0.00826039
-0.00826884
-0.00827726
-0.00828565
-0.00829402
-0.00830235
-0.00831066
-0.00831894
-0.00832719
-0.00833541
-0.00834361
-0.00835177
-0.00835991
-0.00836802
-0.0083761
-0.00838415
-0.00839218
-0.00840017
-0.00840814
-0.00841608
-0.00842399
-0.00843187
-0.00843973
-0.00844755
-0.00845535
-0.00846312
-0.00847086
-0.00847857
-0.00848625
-0.00849391
-0.00850153
-0.00850913
-0.0085167
-0.00852424
-0.00853175
-0.00853923
-0.00854669
-0.00855412
-0.00856152
-0.00856888
-0.00857623
-0.00858354
-0.00859082
-0.00859808
-0.00860531
-0.00861251
-0.00861968
-0.00862682
-0.00863393
-0.00864102
-0.00864807
-0.0086551
-0.0086621
-0.00866907
-0.00867601
-0.00868293
-0.00868981
-0.00869667
-0.00870349
-0.00871029
-0.00871706
-0.00872381
-0.00873052
-0.00873721
-0.00874386
-0.00875049
-0.00875709
-0.00876366
-0.0087702
-0.00877672
-0.0087832
-0.00878966
-0.00879609
-0.00880248
-0.00880885
-0.0088152
-0.00882151
-0.00882779
-0.00883405
-0.00884028
-0.00884648
-0.00885265
-0.00885879
-0.0088649
-0.00887099
-0.00887704
-0.00888307
-0.00888907
-0.00889504
-0.00890098
-0.00890689
-0.00891277
-0.00891863
-0.00892446
-0.00893025
-0.00893602
-0.00894176
-0.00894747
-0.00895316
-0.00895881
-0.00896444
-0.00897003
-0.0089756
-0.00898114
-0.00898665
-0.00899213
-0.00899759
-0.00900301
-0.00900841
-0.00901378
-0.00901911
-0.00902442
-0.00902971
-0.00903496
-0.00904018
-0.00904538
-0.00905054
-0.00905568
-0.00906079
-0.00906587
-0.00907092
-0.00907594
-0.00908094
-0.0090859
-0.00909084
-0.00909574
-0.00910062
-0.00910547
-0.00911029
-0.00911509
-0.00911985
-0.00912458
-0.00912929
-0.00913397
-0.00913862
-0.00914324
-0.00914783
-0.00915239
-0.00915692
-0.00916143
-0.0091659
-0.00917035
-0.00917477
-0.00917916
-0.00918352
-0.00918785
-0.00919215
-0.00919643
-0.00920067
-0.00920489
-0.00920908
-0.00921324
-0.00921737
-0.00922147
-0.00922554
-0.00922958
-0.0092336
-0.00923758
-0.00924154
-0.00924547
-0.00924937
-0.00925324
-0.00925708
-0.00926089
-0.00926468
-0.00926843
-0.00927216
-0.00927586
-0.00927953
-0.00928317
-0.00928678
-0.00929036
-0.00929391
-0.00929744
-0.00930093
-0.0093044
-0.00930784
-0.00931124
-0.00931462
-0.00931798
-0.0093213
-0.00932459
-0.00932786
-0.00933109
-0.0093343
-0.00933748
-0.00934063
-0.00934375
-0.00934684
-0.0093499
-0.00935293
-0.00935594
-0.00935891
-0.00936186
-0.00936478
-0.00936767
-0.00937053
-0.00937336
-0.00937616
-0.00937893
-0.00938168
-0.00938439
-0.00938708
-0.00938974
-0.00939237
-0.00939497
-0.00939754
-0.00940008
-0.00940259
-0.00940508
-0.00940753
-0.00940996
-0.00941236
-0.00941472
-0.00941706
-0.00941937
-0.00942166
-0.00942391
-0.00942613
-0.00942833
-0.00943049
-0.00943263
-0.00943474
-0.00943682
-0.00943887
-0.00944089
-0.00944288
-0.00944485
-0.00944678
-0.00944869
-0.00945056
-0.00945241
-0.00945423
-0.00945602
-0.00945778
-0.00945951
-0.00946122
-0.00946289
-0.00946453
-0.00946615
-0.00946774
-0.0094693
-0.00947083
-0.00947233
-0.0094738
-0.00947524
-0.00947665
-0.00947804
-0.00947939
-0.00948072
-0.00948202
-0.00948329
-0.00948453
-0.00948574
-0.00948692
-0.00948807
-0.00948919
-0.00949029
-0.00949136
-0.00949239
-0.0094934
-0.00949438
-0.00949533
-0.00949625
-0.00949714
-0.00949801
-0.00949884
-0.00949965
-0.00950042
-0.00950117
-0.00950189
-0.00950258
-0.00950324
-0.00950387
-0.00950447
-0.00950505
-0.00950559
-0.00950611
-0.00950659
-0.00950705
-0.00950748
-0.00950788
-0.00950825
-0.00950859
-0.0095089
-0.00950919
-0.00950944
-0.00950967
-0.00950986
-0.00951003
-0.00951017
-0.00951028
-0.00951036
-0.00951041
-0.00951044
-0.00951043
-0.0095104
-0.00951033
-0.00951024
-0.00951012
-0.00950997
-0.00950979
-0.00950958
-0.00950934
-0.00950907
-0.00950878
-0.00950845
-0.0095081
-0.00950772
-0.00950731
-0.00950686
-0.0095064
-0.0095059
-0.00950537
-0.00950481
-0.00950423
-0.00950361
-0.00950297
-0.0095023
-0.0095016
-0.00950087
-0.00950011
-0.00949932
-0.0094985
-0.00949766
-0.00949678
-0.00949588
-0.00949494
-0.00949398
-0.00949299
-0.00949197
-0.00949092
-0.00948984
-0.00948874
-0.0094876
-0.00948644
-0.00948524
-0.00948402
-0.00948277
-0.00948149
-0.00948018
-0.00947884
-0.00947747
-0.00947608
-0.00947465
-0.0094732
-0.00947171
-0.0094702
-0.00946866
-0.00946709
-0.00946549
-0.00946386
-0.0094622
-0.00946052
-0.0094588
-0.00945706
-0.00945529
-0.00945349
-0.00945165
-0.0094498
-0.00944791
-0.00944599
-0.00944404
-0.00944207
-0.00944006
-0.00943803
-0.00943597
-0.00943388
-0.00943176
-0.00942961
-0.00942743
-0.00942522
-0.00942299
-0.00942072
-0.00941843
-0.00941611
-0.00941375
-0.00941137
-0.00940896
-0.00940653
-0.00940406
-0.00940156
-0.00939904
-0.00939648
-0.0093939
-0.00939129
-0.00938865
-0.00938598
-0.00938328
-0.00938055
-0.0093778
-0.00937501
-0.0093722
-0.00936935
-0.00936648
-0.00936358
-0.00936065
-0.00935769
-0.00935471
-0.00935169
-0.00934864
-0.00934557
-0.00934247
-0.00933933
-0.00933617
-0.00933298
-0.00932977
-0.00932652
-0.00932324
-0.00931994
-0.0093166
-0.00931324
-0.00930985
-0.00930643
-0.00930298
-0.0092995
-0.00929599
-0.00929245
-0.00928889
-0.0092853
-0.00928167
-0.00927802
-0.00927434
-0.00927063
-0.00926689
-0.00926313
-0.00925933
-0.00925551
-0.00925165
-0.00924777
-0.00924386
-0.00923992
-0.00923595
-0.00923195
-0.00922792
-0.00922387
-0.00921978
-0.00921567
-0.00921153
-0.00920736
-0.00920316
-0.00919893
-0.00919467
-0.00919039
-0.00918607
-0.00918173
-0.00917736
-0.00917296
-0.00916853
-0.00916407
-0.00915958
-0.00915506
-0.00915052
-0.00914594
-0.00914134
-0.00913671
-0.00913205
-0.00912736
-0.00912264
-0.0091179
-0.00911312
-0.00910832
-0.00910348
-0.00909862
-0.00909373
-0.00908881
-0.00908386
-0.00907889
-0.00907388
-0.00906885
-0.00906378
-0.00905869
-0.00905357
-0.00904842
-0.00904324
-0.00903804
-0.0090328
-0.00902754
-0.00902224
-0.00901692
-0.00901157
-0.00900619
-0.00900079
-0.00899535
-0.00898988
-0.00898439
-0.00897887
-0.00897332
-0.00896774
-0.00896213
-0.00895649
-0.00895082
-0.00894513
-0.00893941
-0.00893365
-0.00892787
-0.00892206
-0.00891623
-0.00891036
-0.00890446
-0.00889854
-0.00889259
-0.0088866
-0.00888059
-0.00887456
-0.00886849
-0.00886239
-0.00885627
-0.00885011
-0.00884393
-0.00883772
-0.00883148
-0.00882521
-0.00881892
-0.00881259
-0.00880624
-0.00879986
-0.00879345
-0.00878701
-0.00878054
-0.00877404
-0.00876752
-0.00876096
-0.00875438
-0.00874777
-0.00874113
-0.00873446
-0.00872776
-0.00872104
-0.00871428
-0.0087075
-0.00870069
-0.00869385
-0.00868698
-0.00868009
-0.00867316
-0.00866621
-0.00865922
-0.00865221
-0.00864517
-0.00863811
-0.00863101
-0.00862389
-0.00861673
-0.00860955
-0.00860234
-0.0085951
-0.00858783
-0.00858054
-0.00857321
-0.00856586
-0.00855848
-0.00855107
-0.00854363
-0.00853616
-0.00852867
-0.00852114
-0.00851359
-0.00850601
-0.0084984
-0.00849076
-0.0084831
-0.0084754
-0.00846768
-0.00845993
-0.00845215
-0.00844434
-0.0084365
-0.00842864
-0.00842074
-0.00841282
-0.00840487
-0.00839689
-0.00838888
-0.00838085
-0.00837278
-0.00836469
-0.00835657
-0.00834842
-0.00834024
-0.00833204
-0.0083238
-0.00831554
-0.00830725
-0.00829893
-0.00829058
-0.00828221
-0.0082738
-0.00826537
-0.00825691
-0.00824842
-0.0082399
-0.00823135
-0.00822278
-0.00821418
-0.00820555
-0.00819689
-0.0081882
-0.00817948
-0.00817074
-0.00816197
-0.00815317
-0.00814434
-0.00813548
-0.00812659
-0.00811768
-0.00810874
-0.00809977
-0.00809077
-0.00808174
-0.00807269
-0.0080636
-0.00805449
-0.00804535
-0.00803618
-0.00802699
-0.00801776
-0.00800851
-0.00799923
-0.00798992
-0.00798058
-0.00797122
-0.00796182
-0.0079524
-0.00794295
-0.00793347
-0.00792397
-0.00791443
-0.00790487
-0.00789528
-0.00788566
-0.00787601
-0.00786634
-0.00785664
-0.0078469
-0.00783715
-0.00782736
-0.00781754
-0.0078077
-0.00779783
-0.00778793
-0.007778
-0.00776804
-0.00775806
-0.00774804
-0.007738
-0.00772794
-0.00771784
-0.00770771
-0.00769756
-0.00768738
-0.00767717
-0.00766694
-0.00765667
-0.00764638
-0.00763606
-0.00762571
-0.00761533
-0.00760493
-0.00759449
-0.00758403
-0.00757354
-0.00756303
-0.00755248
-0.00754191
-0.00753131
-0.00752068
-0.00751002
-0.00749934
-0.00748863
-0.00747789
-0.00746712
-0.00745632
-0.0074455
-0.00743465
-0.00742377
-0.00741286
-0.00740192
-0.00739096
-0.00737997
-0.00736895
-0.0073579
-0.00734683
-0.00733572
-0.00732459
-0.00731343
-0.00730225
-0.00729103
-0.00727979
-0.00726852
-0.00725722
-0.0072459
-0.00723454
-0.00722316
-0.00721175
-0.00720032
-0.00718885
-0.00717736
-0.00716584
-0.00715429
-0.00714271
-0.00713111
-0.00711948
-0.00710782
-0.00709613
-0.00708442
-0.00707268
-0.00706091
-0.00704911
-0.00703728
-0.00702543
-0.00701355
-0.00700164
-0.00698971
-0.00697774
-0.00696575
-0.00695373
-0.00694168
-0.00692961
-0.00691751
-0.00690538
-0.00689322
-0.00688104
-0.00686882
-0.00685658
-0.00684432
-0.00683202
-0.0068197
-0.00680735
-0.00679497
-0.00678256
-0.00677013
-0.00675767
-0.00674518
-0.00673266
-0.00672012
-0.00670755
-0.00669495
-0.00668232
-0.00666967
-0.00665699
-0.00664428
-0.00663154
-0.00661878
-0.00660599
-0.00659317
-0.00658032
-0.00656745
-0.00655455
-0.00654162
-0.00652867
-0.00651568
-0.00650267
-0.00648963
-0.00647657
-0.00646347
-0.00645035
-0.00643721
-0.00642403
-0.00641083
-0.0063976
-0.00638434
-0.00637106
-0.00635774
-0.0063444
-0.00633104
-0.00631764
-0.00630422
-0.00629077
-0.0062773
-0.00626379
-0.00625026
-0.0062367
-0.00622312
-0.00620951
-0.00619587
-0.0061822
-0.0061685
-0.00615478
-0.00614103
-0.00612726
-0.00611345
-0.00609962
-0.00608577
-0.00607188
-0.00605797
-0.00604403
-0.00603006
-0.00601607
-0.00600205
-0.005988
-0.00597392
-0.00595982
-0.00594569
-0.00593153
-0.00591735
-0.00590314
-0.0058889
-0.00587464
-0.00586034
-0.00584602
-0.00583168
-0.0058173
-0.0058029
-0.00578847
-0.00577402
-0.00575954
-0.00574503
-0.00573049
-0.00571593
-0.00570134
-0.00568672
-0.00567208
-0.00565741
-0.00564271
-0.00562798
-0.00561323
-0.00559845
-0.00558365
-0.00556881
-0.00555396
-0.00553907
-0.00552415
-0.00550921
-0.00549425
-0.00547925
-0.00546423
-0.00544918
-0.00543411
-0.00541901
-0.00540388
-0.00538872
-0.00537354
-0.00535833
-0.00534309
-0.00532783
-0.00531254
-0.00529722
-0.00528188
-0.00526651
-0.00525111
-0.00523569
-0.00522024
-0.00520476
-0.00518925
-0.00517372
-0.00515817
-0.00514258
-0.00512697
-0.00511133
-0.00509567
-0.00507998
-0.00506426
-0.00504851
-0.00503274
-0.00501694
-0.00500112
-0.00498527
-0.00496939
-0.00495349
-0.00493755
-0.0049216
-0.00490561
-0.0048896
-0.00487356
-0.0048575
-0.00484141
-0.00482529
-0.00480915
-0.00479298
-0.00477678
-0.00476056
-0.00474431
-0.00472803
-0.00471173
-0.0046954
-0.00467904
-0.00466266
-0.00464625
-0.00462981
-0.00461335
-0.00459686
-0.00458035
-0.0045638
-0.00454724
-0.00453064
-0.00451402
-0.00449737
-0.0044807
-0.004464
-0.00444727
-0.00443052
-0.00441374
-0.00439694
-0.00438011
-0.00436325
-0.00434636
-0.00432945
-0.00431252
-0.00429555
-0.00427856
-0.00426155
-0.0042445
-0.00422744
-0.00421034
-0.00419322
-0.00417607
-0.0041589
-0.0041417
-0.00412448
-0.00410722
-0.00408994
-0.00407264
-0.00405531
-0.00403795
-0.00402057
-0.00400316
-0.00398573
-0.00396826
-0.00395078
-0.00393326
-0.00391572
-0.00389816
-0.00388057
-0.00386295
-0.0038453
-0.00382763
-0.00380994
-0.00379222
-0.00377447
-0.00375669
-0.00373889
-0.00372107
-0.00370322
-0.00368534
-0.00366743
-0.0036495
-0.00363155
-0.00361356
-0.00359556
-0.00357752
-0.00355946
-0.00354138
-0.00352327
-0.00350513
-0.00348696
-0.00346878
-0.00345056
-0.00343232
-0.00341405
-0.00339576
-0.00337744
-0.0033591
-0.00334073
-0.00332233
-0.00330391
-0.00328546
-0.00326699
-0.00324849
-0.00322996
-0.00321141
-0.00319284
-0.00317423
-0.00315561
-0.00313695
-0.00311827
-0.00309957
-0.00308084
-0.00306208
-0.0030433
-0.00302449
-0.00300566
-0.0029868
-0.00296792
-0.00294901
-0.00293007
-0.00291111
-0.00289212
-0.00287311
-0.00285407
-0.00283501
-0.00281592
-0.00279681
-0.00277767
-0.0027585
-0.00273931
-0.00272009
-0.00270085
-0.00268158
-0.00266229
-0.00264297
-0.00262363
-0.00260426
-0.00258487
-0.00256545
-0.002546
-0.00252653
-0.00250703
-0.00248751
-0.00246796
-0.00244839
-0.00242879
-0.00240917
-0.00238952
-0.00236985
-0.00235015
-0.00233043
-0.00231068
-0.0022909
-0.0022711
-0.00225128
-0.00223143
-0.00221155
-0.00219165
-0.00217172
-0.00215177
-0.0021318
-0.00211179
-0.00209177
-0.00207172
-0.00205164
-0.00203154
-0.00201141
-0.00199126
-0.00197108
-0.00195088
-0.00193065
-0.00191039
-0.00189012
-0.00186981
-0.00184949
-0.00182913
-0.00180875
-0.00178835
-0.00176792
-0.00174747
-0.00172699
-0.00170649
-0.00168596
-0.00166541
-0.00164483
-0.00162423
-0.0016036
-0.00158295
-0.00156227
-0.00154157
-0.00152084
-0.00150009
-0.00147931
-0.00145851
-0.00143768
-0.00141683
-0.00139595
-0.00137505
-0.00135413
-0.00133317
-0.0013122
-0.0012912
-0.00127017
-0.00124912
-0.00122805
-0.00120695
-0.00118583
-0.00116468
-0.0011435
-0.00112231
-0.00110108
-0.00107984
-0.00105857
-0.00103727
-0.00101595
-0.000994602
-0.000973232
-0.000951837
-0.000930417
-0.000908973
-0.000887505
-0.000866012
-0.000844494
-0.000822952
-0.000801385
-0.000779794
-0.000758179
-0.000736538
-0.000714874
-0.000693185
-0.000671471
-0.000649734
-0.000627971
-0.000606185
-0.000584374
-0.000562538
-0.000540678
-0.000518794
-0.000496886
-0.000474953
-0.000452995
-0.000431014
-0.000409008
-0.000386978
-0.000364924
-0.000342845
-0.000320742
-0.000298615
-0.000276463
-0.000254288
-0.000232088
-0.000209864
-0.000187616
-0.000165343
-0.000143047
-0.000120726
-9.83812e-05
-7.60122e-05
-5.36191e-05
-3.12019e-05
-8.76058e-06
1.37048e-05
3.61943e-05
5.87078e-05
8.12454e-05
0.000103807
0.000126393
0.000149002
0.000171636
0.000194294
0.000216975
0.000239681
0.000262411
0.000285164
0.000307942
0.000330743
0.000353568
0.000376417
0.000399291
0.000422188
0.000445108
0.000468053
0.000491022
0.000514014
0.00053703
0.00056007
0.000583134
0.000606221
0.000629333
0.000652468
0.000675626
0.000698809
0.000722015
0.000745245
0.000768499
0.000791776
0.000815077
0.000838402
0.00086175
0.000885122
0.000908518
0.000931937
0.00095538
0.000978846
0.00100234
0.00102585
0.00104939
0.00107295
0.00109653
0.00112014
0.00114377
0.00116743
0.0011911
0.00121481
0.00123853
0.00126228
0.00128605
0.00130985
0.00133367
0.00135751
0.00138137
0.00140526
0.00142917
0.00145311
0.00147707
0.00150105
0.00152506
0.00154909
0.00157314
0.00159721
0.00162131
0.00164543
0.00166958
0.00169375
0.00171794
0.00174215
0.00176639
0.00179065
0.00181494
0.00183925
0.00186358
0.00188793
0.00191231
0.00193671
0.00196113
0.00198558
0.00201004
0.00203454
0.00205905
0.00208359
0.00210815
0.00213274
0.00215734
0.00218197
0.00220663
0.0022313
0.002256
0.00228072
0.00230547
0.00233024
0.00235503
0.00237984
0.00240468
0.00242954
0.00245442
0.00247932
0.00250425
0.0025292
0.00255418
0.00257917
0.00260419
0.00262923
0.0026543
0.00267938
0.00270449
0.00272963
0.00275478
0.00277996
0.00280516
0.00283038
0.00285563
0.0028809
0.00290619
0.0029315
0.00295684
0.00298219
0.00300758
0.00303298
0.00305841
0.00308385
0.00310932
0.00313482
0.00316033
0.00318587
0.00321143
0.00323702
0.00326262
0.00328825
0.0033139
0.00333958
0.00336527
0.00339099
0.00341673
0.00344249
0.00346828
0.00349408
0.00351991
0.00354576
0.00357164
0.00359753
0.00362345
0.00364939
0.00367536
0.00370134
0.00372735
0.00375338
0.00377943
0.0038055
0.0038316
0.00385771
0.00388385
0.00391002
0.0039362
0.00396241
0.00398863
0.00401489
0.00404116
0.00406745
0.00409377
0.00412011
0.00414647
0.00417285
0.00419925
0.00422568
0.00425213
0.0042786
0.00430509
0.0043316
0.00435814
0.00438469
0.00441127
0.00443787
0.00446449
0.00449114
0.00451781
0.00454449
0.0045712
0.00459793
0.00462469
0.00465146
0.00467826
0.00470508
0.00473192
0.00475878
0.00478566
0.00481257
0.00483949
0.00486644
0.00489341
0.0049204
0.00494741
0.00497445
0.0050015
0.00502858
0.00505568
0.0050828
0.00510994
0.0051371
0.00516429
0.00519149
0.00521872
0.00524597
0.00527324
0.00530053
0.00532784
0.00535518
0.00538253
0.00540991
0.00543731
0.00546473
0.00549217
0.00551963
0.00554711
0.00557462
0.00560214
0.00562969
0.00565726
0.00568485
0.00571246
0.00574009
0.00576774
0.00579542
0.00582311
0.00585083
0.00587856
0.00590632
0.0059341
0.0059619
0.00598972
0.00601756
0.00604543
0.00607331
0.00610122
0.00612914
0.00615709
0.00618506
0.00621304
0.00624105
0.00626908
0.00629714
0.00632521
0.0063533
0.00638141
0.00640955
0.0064377
0.00646588
0.00649408
0.00652229
0.00655053
0.00657879
0.00660707
0.00663537
0.00666369
0.00669204
0.0067204
0.00674878
0.00677718
0.00680561
0.00683405
0.00686252
0.006891
0.00691951
0.00694804
0.00697659
0.00700515
0.00703374
0.00706235
0.00709098
0.00711963
0.0071483
0.00717699
0.0072057
0.00723443
0.00726318
0.00729196
0.00732075
0.00734956
0.00737839
0.00740725
0.00743612
0.00746502
0.00749393
0.00752286
0.00755182
0.00758079
0.00760979
0.0076388
0.00766784
0.00769689
0.00772597
0.00775506
0.00778418
0.00781332
0.00784247
0.00787165
0.00790084
0.00793006
0.0079593
0.00798855
0.00801783
0.00804712
0.00807644
0.00810577
0.00813513
0.00816451
0.0081939
0.00822332
0.00825275
0.00828221
0.00831168
0.00834117
0.00837069
0.00840022
0.00842978
0.00845935
0.00848894
0.00851856
0.00854819
0.00857784
0.00860751
0.00863721
0.00866692
0.00869665
0.0087264
0.00875617
0.00878596
0.00881577
0.0088456
0.00887545
0.00890531
0.0089352
0.00896511
0.00899503
0.00902498
0.00905495
0.00908493
0.00911493
0.00914496
0.009175
0.00920506
0.00923514
0.00926525
0.00929537
0.00932551
0.00935566
0.00938584
0.00941604
0.00944626
0.00947649
0.00950675
0.00953702
0.00956731
0.00959763
0.00962796
0.00965831
0.00968868
0.00971907
0.00974948
0.0097799
0.00981035
0.00984081
0.0098713
0.0099018
0.00993232
0.00996287
0.00999343
0.010024
0.0100546
0.0100852
0.0101159
0.0101465
0.0101772
0.0102079
0.0102386
0.0102693
0.0103001
0.0103308
0.0103616
0.0103924
0.0104232
0.0104541
0.010485
0.0105158
0.0105467
0.0105776
0.0106086
0.0106395
0.0106705
0.0107015
0.0107325
0.0107635
0.0107946
0.0108257
0.0108567
0.0108878
0.010919
0.0109501
0.0109813
0.0110124
0.0110436
0.0110749
0.0111061
0.0111373
0.0111686
0.0111999
0.0112312
0.0112625
0.0112939
0.0113252
0.0113566
0.011388
0.0114194
0.0114508
0.0114823
0.0115138
0.0115453
0.0115768
0.0116083
0.0116398
0.0116714
0.011703
0.0117346
0.0117662
0.0117978
0.0118295
0.0118611
0.0118928
0.0119245
0.0119562
0.011988
0.0120197
0.0120515
0.0120833
0.0121151
0.0121469
0.0121788
0.0122107
0.0122425
0.0122744
0.0123064
0.0123383
0.0123703
0.0124022
0.0124342
0.0124662
0.0124982
0.0125303
0.0125623
0.0125944
0.0126265
0.0126586
0.0126908
0.0127229
0.0127551
0.0127873
0.0128195
0.0128517
0.0128839
0.0129162
0.0129484
0.0129807
0.013013
0.0130454
0.0130777
0.0131101
0.0131424
0.0131748
0.0132072
0.0132397
0.0132721
0.0133046
0.013337
0.0133695
0.013402
0.0134346
0.0134671
0.0134997
0.0135323
0.0135649
0.0135975
0.0136301
0.0136628
0.0136954
0.0137281
0.0137608
0.0137935
0.0138263
0.013859
0.0138918
0.0139246
0.0139574
0.0139902
0.014023
0.0140559
0.0140888
0.0141216
0.0141546
0.0141875
0.0142204
0.0142534
0.0142863
0.0143193
0.0143523
0.0143853
0.0144184
0.0144514
0.0144845
0.0145176
0.0145507
0.0145838
0.014617
0.0146501
0.0146833
0.0147165
0.0147497
0.0147829
0.0148161
0.0148494
0.0148827
0.0149159
0.0149492
0.0149826
0.0150159
0.0150493
0.0150826
0.015116
0.0151494
0.0151828
0.0152163
0.0152497
0.0152832
0.0153166
0.0153501
0.0153837
0.0154172
0.0154507
0.0154843
0.0155179
0.0155515
0.0155851
0.0156187
0.0156524
0.015686
0.0157197
0.0157534
0.0157871
0.0158208
0.0158545
0.0158883
0.0159221
0.0159559
0.0159897
0.0160235
0.0160573
0.0160912
0.016125
0.0161589
0.0161928
0.0162267
0.0162607
0.0162946
0.0163286
0.0163625
0.0163965
0.0164305
0.0164646
0.0164986
0.0165326
0.0165667
0.0166008
0.0166349
0.016669
0.0167031
0.0167373
0.0167715
0.0168056
0.0168398
0.016874
0.0169083
0.0169425
0.0169768
0.017011
0.0170453
0.0170796
0.0171139
0.0171483
0.0171826
0.017217
0.0172514
0.0172857
0.0173202
0.0173546
0.017389
0.0174235
0.0174579
0.0174924
0.0175269
0.0175614
0.017596
0.0176305
0.0176651
0.0176996
0.0177342
0.0177688
0.0178034
0.0178381
0.0178727
0.0179074
0.0179421
0.0179768
0.0180115
0.0180462
0.0180809
0.0181157
0.0181504
0.0181852
0.01822
0.0182548
0.0182897
0.0183245
0.0183594
0.0183942
0.0184291
0.018464
0.0184989
0.0185339
0.0185688
0.0186038
0.0186387
0.0186737
0.0187087
0.0187437
0.0187788
0.0188138
0.0188489
0.0188839
0.018919
0.0189541
0.0189892
0.0190244
0.0190595
0.0190947
0.0191298
0.019165
0.0192002
0.0192355
0.0192707
0.0193059
0.0193412
0.0193765
0.0194117
0.019447
0.0194824
0.0195177
0.019553
0.0195884
0.0196238
0.0196591
0.0196945
0.01973
0.0197654
0.0198008
0.0198363
0.0198717
0.0199072
0.0199427
0.0199782
0.0200138
0.0200493
0.0200848
0.0201204
0.020156
0.0201916
0.0202272
0.0202628
0.0202984
0.0203341
0.0203697
0.0204054
0.0204411
0.0204768
0.0205125
0.0205483
0.020584
0.0206197
0.0206555
0.0206913
0.0207271
0.0207629
0.0207987
0.0208346
0.0208704
0.0209063
0.0209422
0.020978
0.0210139
0.0210499
0.0210858
0.0211217
0.0211577
0.0211937
0.0212296
0.0212656
0.0213016
0.0213377
0.0213737
0.0214097
0.0214458
0.0214819
0.021518
0.0215541
0.0215902
0.0216263
0.0216624
0.0216986
0.0217348
0.0217709
0.0218071
0.0218433
0.0218795
0.0219158
0.021952
0.0219883
0.0220245
0.0220608
0.0220971
0.0221334
0.0221697
0.0222061
0.0222424
0.0222788
0.0223151
0.0223515
0.0223879
0.0224243
0.0224607
0.0224972
0.0225336
0.0225701
0.0226065
0.022643
0.0226795
0.022716
0.0227525
0.0227891
0.0228256
0.0228622
0.0228987
0.0229353
0.0229719
0.0230085
0.0230451
0.0230818
0.0231184
0.023155
0.0231917
0.0232284
0.0232651
0.0233018
0.0233385
0.0233752
0.023412
0.0234487
0.0234855
0.0235223
0.023559
0.0235958
0.0236326
0.0236695
0.0237063
0.0237432
0.02378
0.0238169
0.0238538
0.0238907
0.0239276
0.0239645
0.0240014
0.0240383
0.0240753
0.0241123
0.0241492
0.0241862
0.0242232
0.0242602
0.0242973
0.0243343
0.0243713
0.0244084
0.0244455
0.0244825
0.0245196
0.0245567
0.0245939
0.024631
0.0246681
0.0247053
0.0247424
0.0247796
0.0248168
0.024854
0.0248912
0.0249284
0.0249656
0.0250029
0.0250401
0.0250774
0.0251146
0.0251519
0.0251892
0.0252265
0.0252638
0.0253012
0.0253385
0.0253759
0.0254132
0.0254506
0.025488
0.0255254
0.0255628
0.0256002
0.0256376
0.0256751
0.0257125
0.02575
0.0257874
0.0258249
0.0258624
0.0258999
0.0259374
0.025975
0.0260125
0.02605
0.0260876
0.0261252
0.0261627
0.0262003
0.0262379
0.0262755
0.0263132
0.0263508
0.0263884
0.0264261
0.0264637
0.0265014
0.0265391
0.0265768
0.0266145
0.0266522
0.0266899
0.0267277
0.0267654
0.0268032
0.0268409
0.0268787
0.0269165
0.0269543
0.0269921
0.0270299
0.0270677
0.0271056
0.0271434
0.0271813
0.0272192
0.027257
0.0272949
0.0273328
0.0273707
0.0274086
0.0274466
0.0274845
0.0275225
0.0275604
0.0275984
0.0276364
0.0276743
0.0277123
0.0277504
0.0277884
0.0278264
0.0278644
0.0279025
0.0279405
0.0279786
0.0280167
0.0280548
0.0280929
0.028131
0.0281691
0.0282072
0.0282453
0.0282835
0.0283216
0.0283598
0.028398
0.0284361
0.0284743
0.0285125
0.0285507
0.028589
0.0286272
0.0286654
0.0287037
0.0287419
0.0287802
0.0288185
0.0288567
0.028895
0.0289333
0.0289717
0.02901
0.0290483
0.0290866
0.029125
0.0291633
0.0292017
0.0292401
0.0292785
0.0293169
0.0293553
0.0293937
0.0294321
0.0294705
0.029509
0.0295474
0.0295859
0.0296243
0.0296628
0.0297013
0.0297398
0.0297783
0.0298168
0.0298553
0.0298938
0.0299324
0.0299709
0.0300095
0.030048
0.0300866
0.0301252
0.0301638
0.0302023
0.0302409
0.0302796
0.0303182
0.0303568
0.0303954
0.0304341
0.0304727
0.0305114
0.0305501
0.0305888
0.0306275
0.0306661
0.0307049
0.0307436
0.0307823
0.030821
0.0308598
0.0308985
0.0309373
0.030976
0.0310148
0.0310536
0.0310923
0.0311311
0.0311699
0.0312088
0.0312476
0.0312864
0.0313252
0.0313641
0.0314029
0.0314418
0.0314807
0.0315195
0.0315584
0.0315973
0.0316362
0.0316751
0.031714
0.0317529
0.0317919
0.0318308
0.0318697
0.0319087
0.0319477
0.0319866
0.0320256
0.0320646
0.0321036
0.0321426
0.0321816
0.0322206
0.0322596
0.0322986
0.0323377
0.0323767
0.0324158
0.0324548
0.0324939
0.032533
0.032572
0.0326111
0.0326502
0.0326893
0.0327284
0.0327676
0.0328067
0.0328458
0.0328849
0.0329241
0.0329632
0.0330024
0.0330416
0.0330807
0.0331199
0.0331591
0.0331983
0.0332375
0.0332767
0.0333159
0.0333551
0.0333944
0.0334336
0.0334729
0.0335121
0.0335514
0.0335906
0.0336299
0.0336692
0.0337085
0.0337477
0.033787
0.0338263
0.0338657
0.033905
0.0339443
0.0339836
0.034023
0.0340623
0.0341017
0.034141
0.0341804
0.0342198
0.0342591
0.0342985
0.0343379
0.0343773
0.0344167
0.0344561
0.0344955
0.0345349
0.0345744
0.0346138
0.0346532
0.0346927
0.0347321
0.0347716
0.0348111
0.0348505
0.03489
0.0349295
0.034969
0.0350085
0.035048
0.0350875
0.035127
0.0351665
0.0352061
0.0352456
0.0352851
0.0353247
0.0353642
0.0354038
0.0354433
0.0354829
0.0355225
0.0355621
0.0356016
0.0356412
0.0356808
0.0357204
0.03576
0.0357996
0.0358393
0.0358789
0.0359185
0.0359582
0.0359978
0.0360374
0.0360771
0.0361168
0.0361564
0.0361961
0.0362358
0.0362754
0.0363151
0.0363548
0.0363945
0.0364342
0.0364739
0.0365136
0.0365533
0.0365931
0.0366328
0.0366725
0.0367123
0.036752
0.0367918
0.0368315
0.0368713
0.036911
0.0369508
0.0369906
0.0370304
0.0370701
0.0371099
0.0371497
0.0371895
0.0372293
0.0372691
0.037309
0.0373488
0.0373886
0.0374284
0.0374683
0.0375081
0.0375479
0.0375878
0.0376276
0.0376675
0.0377074
0.0377472
0.0377871
0.037827
0.0378669
0.0379067
0.0379466
0.0379865
0.0380264
0.0380663
0.0381062
0.0381461
0.0381861
0.038226
0.0382659
0.0383058
0.0383458
0.0383857
0.0384257
0.0384656
0.0385056
0.0385455
0.0385855
0.0386254
0.0386654
0.0387054
0.0387454
0.0387853
0.0388253
0.0388653
0.0389053
0.0389453
0.0389853
0.0390253
0.0390653
0.0391053
0.0391453
0.0391854
0.0392254
0.0392654
0.0393055
0.0393455
0.0393855
0.0394256
0.0394656
0.0395057
0.0395457
0.0395858
0.0396259
0.0396659
0.039706
0.0397461
0.0397862
0.0398262
0.0398663
0.0399064
0.0399465
0.0399866
0.0400267
0.0400668
0.0401069
0.040147
0.0401871
0.0402272
0.0402674
0.0403075
0.0403476
0.0403877
0.0404279
0.040468
0.0405082
0.0405483
0.0405884
0.0406286
0.0406687
0.0407089
0.0407491
0.0407892
0.0408294
0.0408696
0.0409097
0.0409499
0.0409901
0.0410303
0.0410704
0.0411106
0.0411508
0.041191
0.0412312
0.0412714
0.0413116
0.0413518
0.041392
0.0414322
0.0414724
0.0415127
0.0415529
0.0415931
0.0416333
0.0416735
0.0417138
0.041754
0.0417942
0.0418345
0.0418747
0.041915
0.0419552
0.0419954
0.0420357
0.0420759
0.0421162
0.0421565
0.0421967
0.042237
0.0422772
0.0423175
0.0423578
0.042398
0.0424383
0.0424786
0.0425189
0.0425591
0.0425994
0.0426397
0.04268
0.0427203
0.0427606
0.0428009
0.0428412
0.0428815
0.0429217
0.042962
0.0430023
0.0430427
0.043083
0.0431233
0.0431636
0.0432039
0.0432442
0.0432845
0.0433248
0.0433652
0.0434055
0.0434458
0.0434861
0.0435264
0.0435668
0.0436071
0.0436474
0.0436878
0.0437281
0.0437684
0.0438088
0.0438491
0.0438895
0.0439298
0.0439701
0.0440105
0.0440508
0.0440912
0.0441315
0.0441719
0.0442122
0.0442526
0.0442929
0.0443333
0.0443736
0.044414
0.0444544
0.0444947
0.0445351
0.0445754
0.0446158
0.0446562
0.0446965
0.0447369
0.0447773
0.0448176
0.044858
0.0448984
0.0449388
0.0449791
0.0450195
0.0450599
0.0451003
0.0451406
0.045181
0.0452214
0.0452618
0.0453022
0.0453425
0.0453829
0.0454233
0.0454637
0.0455041
0.0455445
0.0455848
0.0456252
0.0456656
0.045706
0.0457464
0.0457868
0.0458272
0.0458676
0.0459079
0.0459483
0.0459887
0.0460291
0.0460695
0.0461099
0.0461503
0.0461907
0.0462311
0.0462715
0.0463119
0.0463523
0.0463927
0.046433
0.0464734
0.0465138
0.0465542
0.0465946
0.046635
0.0466754
0.0467158
0.0467562
0.0467966
0.046837
0.0468774
0.0469178
0.0469582
0.0469986
0.047039
0.0470794
0.0471198
0.0471602
0.0472005
0.0472409
0.0472813
0.0473217
0.0473621
0.0474025
0.0474429
0.0474833
0.0475237
0.0475641
0.0476045
0.0476449
0.0476853
0.0477256
0.047766
0.0478064
0.0478468
0.0478872
0.0479276
0.047968
0.0480084
0.0480488
0.0480891
0.0481295
0.0481699
0.0482103
0.0482507
0.0482911
0.0483314
0.0483718
0.0484122
0.0484526
0.0484929
0.0485333
0.0485737
0.0486141
0.0486544
0.0486948
0.0487352
0.0487756
0.0488159
0.0488563
0.0488967
0.048937
0.0489774
0.0490178
0.0490581
0.0490985
0.0491389
0.0491792
0.0492196
0.0492599
0.0493003
0.0493406
0.049381
0.0494214
0.0494617
0.0495021
0.0495424
0.0495827
0.0496231
0.0496634
0.0497038
0.0497441
0.0497845
0.0498248
0.0498651
0.0499055
0.0499458
0.0499861
0.0500265
0.0500668
0.0501071
0.0501474
0.0501878
0.0502281
0.0502684
0.0503087
0.050349
0.0503894
0.0504297
0.05047
0.0505103
0.0505506
0.0505909
0.0506312
0.0506715
0.0507118
0.0507521
0.0507924
0.0508327
0.050873
0.0509133
0.0509536
0.0509938
0.0510341
0.0510744
0.0511147
0.051155
0.0511952
0.0512355
0.0512758
0.051316
0.0513563
0.0513966
0.0514368
0.0514771
0.0515173
0.0515576
0.0515978
0.0516381
0.0516783
0.0517186
0.0517588
0.0517991
0.0518393
0.0518795
0.0519198
0.05196
0.0520002
0.0520404
0.0520806
0.0521209
0.0521611
0.0522013
0.0522415
0.0522817
0.0523219
0.0523621
0.0524023
0.0524425
0.0524827
0.0525229
0.0525631
0.0526032
0.0526434
0.0526836
0.0527238
0.0527639
0.0528041
0.0528443
0.0528844
0.0529246
0.0529647
0.0530049
0.053045
0.0530852
0.0531253
0.0531655
0.0532056
0.0532457
0.0532859
0.053326
0.0533661
0.0534062
0.0534463
0.0534865
0.0535266
0.0535667
0.0536068
0.0536469
0.053687
0.0537271
0.0537671
0.0538072
0.0538473
0.0538874
0.0539275
0.0539675
0.0540076
0.0540477
0.0540877
0.0541278
0.0541678
0.0542079
0.0542479
0.054288
0.054328
0.054368
0.054408
0.0544481
0.0544881
0.0545281
0.0545681
0.0546081
0.0546481
0.0546881
0.0547281
0.0547681
0.0548081
0.0548481
0.0548881
0.054928
0.054968
0.055008
0.0550479
0.0550879
0.0551279
0.0551678
0.0552078
0.0552477
0.0552876
0.0553276
0.0553675
0.0554074
0.0554473
0.0554872
0.0555272
0.0555671
0.055607
0.0556469
0.0556868
0.0557266
0.0557665
0.0558064
0.0558463
0.0558861
0.055926
0.0559659
0.0560057
0.0560456
0.0560854
0.0561253
0.0561651
0.0562049
0.0562448
0.0562846
0.0563244
0.0563642
0.056404
0.0564438
0.0564836
0.0565234
0.0565632
0.056603
0.0566428
0.0566825
0.0567223
0.0567621
0.0568018
0.0568416
0.0568813
0.0569211
0.0569608
0.0570005
0.0570402
0.05708
0.0571197
0.0571594
0.0571991
0.0572388
0.0572785
0.0573182
0.0573579
0.0573975
0.0574372
0.0574769
0.0575165
0.0575562
0.0575958
0.0576355
0.0576751
0.0577148
0.0577544
0.057794
0.0578336
0.0578732
0.0579128
0.0579524
0.057992
0.0580316
0.0580712
0.0581108
0.0581504
0.0581899
0.0582295
0.058269
0.0583086
0.0583481
0.0583877
0.0584272
0.0584667
0.0585062
0.0585457
0.0585852
0.0586247
0.0586642
0.0587037
0.0587432
0.0587827
0.0588221
0.0588616
0.0589011
0.0589405
0.05898
0.0590194
0.0590588
0.0590982
0.0591377
0.0591771
0.0592165
0.0592559
0.0592953
0.0593347
0.059374
0.0594134
0.0594528
0.0594921
0.0595315
0.0595708
0.0596102
0.0596495
0.0596889
0.0597282
0.0597675
0.0598068
0.0598461
0.0598854
0.0599247
0.059964
0.0600032
0.0600425
0.0600818
0.060121
0.0601603
0.0601995
0.0602387
0.060278
0.0603172
0.0603564
0.0603956
0.0604348
0.060474
0.0605132
0.0605524
0.0605915
0.0606307
0.0606698
0.060709
0.0607481
0.0607873
0.0608264
0.0608655
0.0609046
0.0609437
0.0609828
0.0610219
0.061061
0.0611001
0.0611392
0.0611782
0.0612173
0.0612563
0.0612954
0.0613344
0.0613734
0.0614124
0.0614514
0.0614904
0.0615294
0.0615684
0.0616074
0.0616464
0.0616853
0.0617243
0.0617632
0.0618022
0.0618411
0.06188
0.061919
0.0619579
0.0619968
0.0620357
0.0620746
0.0621134
0.0621523
0.0621912
0.06223
0.0622689
0.0623077
0.0623465
0.0623854
0.0624242
0.062463
0.0625018
0.0625406
0.0625794
0.0626181
0.0626569
0.0626957
0.0627344
0.0627732
0.0628119
0.0628506
0.0628893
0.062928
0.0629667
0.0630054
0.0630441
0.0630828
0.0631215
0.0631601
0.0631988
0.0632374
0.0632761
0.0633147
0.0633533
0.0633919
0.0634305
0.0634691
0.0635077
0.0635463
0.0635848
0.0636234
0.0636619
0.0637005
0.063739
0.0637775
0.063816
0.0638545
0.063893
0.0639315
0.06397
0.0640085
0.0640469
0.0640854
0.0641238
0.0641623
0.0642007
0.0642391
0.0642775
0.0643159
0.0643543
0.0643927
0.0644311
0.0644694
0.0645078
0.0645461
0.0645844
0.0646228
0.0646611
0.0646994
0.0647377
0.064776
0.0648143
0.0648525
0.0648908
0.064929
0.0649673
0.0650055
0.0650437
0.065082
0.0651202
0.0651584
0.0651965
0.0652347
0.0652729
0.065311
0.0653492
0.0653873
0.0654255
0.0654636
0.0655017
0.0655398
0.0655779
0.065616
0.065654
0.0656921
0.0657302
0.0657682
0.0658062
0.0658442
0.0658823
0.0659203
0.0659583
0.0659962
0.0660342
0.0660722
0.0661101
0.0661481
0.066186
0.0662239
0.0662618
0.0662998
0.0663376
0.0663755
0.0664134
0.0664513
0.0664891
0.066527
0.0665648
0.0666026
0.0666404
0.0666782
0.066716
0.0667538
0.0667916
0.0668293
0.0668671
0.0669048
0.0669426
0.0669803
0.067018
0.0670557
0.0670934
0.0671311
0.0671687
0.0672064
0.067244
0.0672817
0.0673193
0.0673569
0.0673945
0.0674321
0.0674697
0.0675073
0.0675448
0.0675824
0.0676199
0.0676575
0.067695
0.0677325
0.06777
0.0678075
0.067845
0.0678824
0.0679199
0.0679573
0.0679948
0.0680322
0.0680696
0.068107
0.0681444
0.0681818
0.0682191
0.0682565
0.0682938
0.0683312
0.0683685
0.0684058
0.0684431
0.0684804
0.0685177
0.0685549
0.0685922
0.0686294
0.0686667
0.0687039
0.0687411
0.0687783
0.0688155
0.0688527
0.0688898
0.068927
0.0689641
0.0690013
0.0690384
0.0690755
0.0691126
0.0691497
0.0691868
0.0692238
0.0692609
0.0692979
0.069335
0.069372
0.069409
0.069446
0.069483
0.0695199
0.0695569
0.0695938
0.0696308
0.0696677
0.0697046
0.0697415
0.0697784
0.0698153
0.0698521
0.069889
0.0699258
0.0699627
0.0699995
0.0700363
0.0700731
0.0701099
0.0701466
0.0701834
0.0702201
0.0702569
0.0702936
0.0703303
0.070367
0.0704037
0.0704403
0.070477
0.0705137
0.0705503
0.0705869
0.0706235
0.0706601
0.0706967
0.0707333
0.0707699
0.0708064
0.0708429
0.0708795
0.070916
0.0709525
0.070989
0.0710254
0.0710619
0.0710984
0.0711348
0.0711712
0.0712076
0.071244
0.0712804
0.0713168
0.0713532
0.0713895
0.0714259
0.0714622
0.0714985
0.0715348
0.0715711
0.0716074
0.0716436
0.0716799
0.0717161
0.0717523
0.0717885
0.0718247
0.0718609
0.0718971
0.0719333
0.0719694
0.0720055
0.0720417
0.0720778
0.0721139
0.0721499
0.072186
0.0722221
0.0722581
0.0722941
0.0723302
0.0723662
0.0724021
0.0724381
0.0724741
0.07251
0.072546
0.0725819
0.0726178
0.0726537
0.0726896
0.0727255
0.0727613
0.0727972
0.072833
0.0728688
0.0729046
0.0729404
0.0729762
0.0730119
0.0730477
0.0730834
0.0731191
0.0731549
0.0731906
0.0732262
0.0732619
0.0732976
0.0733332
0.0733688
0.0734044
0.07344
0.0734756
0.0735112
0.0735468
0.0735823
0.0736178
0.0736534
0.0736889
0.0737244
0.0737598
0.0737953
0.0738307
0.0738662
0.0739016
0.073937
0.0739724
0.0740078
0.0740431
0.0740785
0.0741138
0.0741491
0.0741845
0.0742198
0.074255
0.0742903
0.0743256
0.0743608
0.074396
0.0744312
0.0744664
0.0745016
0.0745368
0.0745719
0.0746071
0.0746422
0.0746773
0.0747124
0.0747475
0.0747825
0.0748176
0.0748526
0.0748877
0.0749227
0.0749577
0.0749926
0.0750276
0.0750626
0.0750975
0.0751324
0.0751673
0.0752022
0.0752371
0.075272
0.0753068
0.0753416
0.0753765
0.0754113
0.0754461
0.0754808
0.0755156
0.0755503
0.0755851
0.0756198
0.0756545
0.0756892
0.0757238
0.0757585
0.0757931
0.0758278
0.0758624
0.075897
0.0759316
0.0759661
0.0760007
0.0760352
0.0760697
0.0761043
0.0761387
0.0761732
0.0762077
0.0762421
0.0762766
0.076311
0.0763454
0.0763798
0.0764141
0.0764485
0.0764828
0.0765172
0.0765515
0.0765858
0.07662
0.0766543
0.0766886
0.0767228
0.076757
0.0767912
0.0768254
0.0768596
0.0768937
0.0769279
0.076962
0.0769961
0.0770302
0.0770643
0.0770983
0.0771324
0.0771664
0.0772004
0.0772344
0.0772684
0.0773024
0.0773363
0.0773703
0.0774042
0.0774381
0.077472
0.0775059
0.0775397
0.0775736
0.0776074
0.0776412
0.077675
0.0777088
0.0777426
0.0777763
0.07781
0.0778438
0.0778775
0.0779111
0.0779448
0.0779785
0.0780121
0.0780457
0.0780793
0.0781129
0.0781465
0.07818
0.0782136
0.0782471
0.0782806
0.0783141
0.0783476
0.078381
0.0784145
0.0784479
0.0784813
0.0785147
0.0785481
0.0785814
0.0786148
0.0786481
0.0786814
0.0787147
0.078748
0.0787813
0.0788145
0.0788477
0.078881
0.0789142
0.0789473
0.0789805
0.0790136
0.0790468
0.0790799
0.079113
0.0791461
0.0791791
0.0792122
0.0792452
0.0792782
0.0793112
0.0793442
0.0793772
0.0794101
0.0794431
0.079476
0.0795089
0.0795417
0.0795746
0.0796075
0.0796403
0.0796731
0.0797059
0.0797387
0.0797714
0.0798042
0.0798369
0.0798696
0.0799023
0.079935
0.0799676
0.0800003
0.0800329
0.0800655
0.0800981
0.0801307
0.0801632
0.0801958
0.0802283
0.0802608
0.0802933
0.0803258
0.0803582
0.0803907
0.0804231
0.0804555
0.0804879
0.0805202
0.0805526
0.0805849
0.0806172
0.0806495
0.0806818
0.0807141
0.0807463
0.0807786
0.0808108
0.080843
0.0808751
0.0809073
0.0809394
0.0809716
0.0810037
0.0810358
0.0810678
0.0810999
0.0811319
0.0811639
0.0811959
0.0812279
0.0812599
0.0812918
0.0813237
0.0813557
0.0813876
0.0814194
0.0814513
0.0814831
0.0815149
0.0815468
0.0815785
0.0816103
0.0816421
0.0816738
0.0817055
0.0817372
0.0817689
0.0818005
0.0818322
0.0818638
0.0818954
0.081927
0.0819586
0.0819901
0.0820217
0.0820532
0.0820847
0.0821162
0.0821476
0.0821791
0.0822105
0.0822419
0.0822733
0.0823047
0.082336
0.0823673
0.0823987
0.08243
0.0824612
0.0824925
0.0825237
0.082555
0.0825862
0.0826174
0.0826485
0.0826797
0.0827108
0.0827419
0.082773
0.0828041
0.0828352
0.0828662
0.0828972
0.0829282
0.0829592
0.0829902
0.0830211
0.083052
0.083083
0.0831139
0.0831447
0.0831756
0.0832064
0.0832372
0.083268
0.0832988
0.0833296
0.0833603
0.083391
0.0834217
0.0834524
0.0834831
0.0835137
0.0835444
0.083575
0.0836056
0.0836361
0.0836667
0.0836972
0.0837277
0.0837582
0.0837887
0.0838192
0.0838496
0.08388
0.0839104
0.0839408
0.0839712
0.0840015
0.0840318
0.0840621
0.0840924
0.0841227
0.0841529
0.0841832
0.0842134
0.0842436
0.0842737
0.0843039
0.084334
0.0843641
0.0843942
0.0844243
0.0844543
0.0844844
0.0845144
0.0845444
0.0845744
0.0846043
0.0846343
0.0846642
0.0846941
0.084724
0.0847538
0.0847837
0.0848135
0.0848433
0.0848731
0.0849028
0.0849326
0.0849623
0.084992
0.0850217
0.0850513
0.085081
0.0851106
0.0851402
0.0851698
0.0851994
0.0852289
0.0852584
0.0852879
0.0853174
0.0853469
0.0853763
0.0854058
0.0854352
0.0854646
0.0854939
0.0855233
0.0855526
0.0855819
0.0856112
0.0856405
0.0856697
0.0856989
0.0857281
0.0857573
0.0857865
0.0858157
0.0858448
0.0858739
0.085903
0.085932
0.0859611
0.0859901
0.0860191
0.0860481
0.0860771
0.086106
0.0861349
0.0861639
0.0861927
0.0862216
0.0862504
0.0862793
0.0863081
0.0863369
0.0863656
0.0863944
0.0864231
0.0864518
0.0864805
0.0865091
0.0865378
0.0865664
0.086595
0.0866236
0.0866521
0.0866807
0.0867092
0.0867377
0.0867662
0.0867946
0.0868231
0.0868515
0.0868799
0.0869083
0.0869366
0.0869649
0.0869933
0.0870215
0.0870498
0.0870781
0.0871063
0.0871345
0.0871627
0.0871909
0.087219
0.0872471
0.0872752
0.0873033
0.0873314
0.0873594
0.0873875
0.0874155
0.0874434
0.0874714
0.0874993
0.0875272
0.0875551
0.087583
0.0876109
0.0876387
0.0876665
0.0876943
0.0877221
0.0877498
0.0877776
0.0878053
0.087833
0.0878606
0.0878883
0.0879159
0.0879435
0.0879711
0.0879986
0.0880262
0.0880537
0.0880812
0.0881086
0.0881361
0.0881635
0.0881909
0.0882183
0.0882457
0.088273
0.0883004
0.0883277
0.088355
0.0883822
0.0884095
0.0884367
0.0884639
0.0884911
0.0885182
0.0885453
0.0885725
0.0885995
0.0886266
0.0886537
0.0886807
0.0887077
0.0887347
0.0887616
0.0887886
0.0888155
0.0888424
0.0888693
0.0888961
0.0889229
0.0889497
0.0889765
0.0890033
0.08903
0.0890568
0.0890835
0.0891101
0.0891368
0.0891634
0.0891901
0.0892166
0.0892432
0.0892698
0.0892963
0.0893228
0.0893493
0.0893757
0.0894022
0.0894286
0.089455
0.0894814
0.0895077
0.089534
0.0895603
0.0895866
0.0896129
0.0896391
0.0896654
0.0896916
0.0897177
0.0897439
0.08977
0.0897961
0.0898222
0.0898483
0.0898743
0.0899003
0.0899263
0.0899523
0.0899783
0.0900042
0.0900301
0.090056
0.0900819
0.0901077
0.0901335
0.0901593
0.0901851
0.0902108
0.0902366
0.0902623
0.090288
0.0903136
0.0903393
0.0903649
0.0903905
0.0904161
0.0904416
0.0904671
0.0904927
0.0905181
0.0905436
0.090569
0.0905945
0.0906198
0.0906452
0.0906706
0.0906959
0.0907212
0.0907465
0.0907717
0.090797
0.0908222
0.0908474
0.0908726
0.0908977
0.0909228
0.0909479
0.090973
0.0909981
0.0910231
0.0910481
0.0910731
0.091098
0.091123
0.0911479
0.0911728
0.0911977
0.0912225
0.0912473
0.0912722
0.0912969
0.0913217
0.0913464
0.0913711
0.0913958
0.0914205
0.0914451
0.0914698
0.0914944
0.0915189
0.0915435
0.091568
0.0915925
0.091617
0.0916415
0.0916659
0.0916903
0.0917147
0.0917391
0.0917634
0.0917877
0.091812
0.0918363
0.0918606
0.0918848
0.091909
0.0919332
0.0919573
0.0919815
0.0920056
0.0920297
0.0920537
0.0920778
0.0921018
0.0921258
0.0921498
0.0921737
0.0921976
0.0922215
0.0922454
0.0922693
0.0922931
0.0923169
0.0923407
0.0923645
0.0923882
0.0924119
0.0924356
0.0924593
0.0924829
0.0925066
0.0925302
0.0925537
0.0925773
0.0926008
0.0926243
0.0926478
0.0926712
0.0926947
0.0927181
0.0927415
0.0927648
0.0927882
0.0928115
0.0928348
0.0928581
0.0928813
0.0929045
0.0929277
0.0929509
0.092974
0.0929972
0.0930203
0.0930433
0.0930664
0.0930894
0.0931124
0.0931354
0.0931584
0.0931813
0.0932042
0.0932271
0.09325
0.0932728
0.0932956
0.0933184
0.0933412
0.0933639
0.0933866
0.0934093
0.093432
0.0934547
0.0934773
0.0934999
0.0935225
0.093545
0.0935675
0.09359
0.0936125
0.093635
0.0936574
0.0936798
0.0937022
0.0937246
0.0937469
0.0937692
0.0937915
0.0938138
0.093836
0.0938582
0.0938804
0.0939026
0.0939247
0.0939468
0.0939689
0.093991
0.094013
0.094035
0.094057
0.094079
0.094101
0.0941229
0.0941448
0.0941667
0.0941885
0.0942103
0.0942321
0.0942539
0.0942757
0.0942974
0.0943191
0.0943408
0.0943624
0.0943841
0.0944057
0.0944272
0.0944488
0.0944703
0.0944918
0.0945133
0.0945348
0.0945562
0.0945776
0.094599
0.0946204
0.0946417
0.094663
0.0946843
0.0947056
0.0947268
0.094748
0.0947692
0.0947904
0.0948115
0.0948326
0.0948537
0.0948748
0.0948958
0.0949168
0.0949378
0.0949588
0.0949797
0.0950006
0.0950215
0.0950424
0.0950632
0.095084
0.0951048
0.0951256
0.0951463
0.0951671
0.0951878
0.0952084
0.0952291
0.0952497
0.0952703
0.0952908
0.0953114
0.0953319
0.0953524
0.0953729
0.0953933
0.0954137
0.0954341
0.0954545
0.0954748
0.0954951
0.0955154
0.0955357
0.095556
0.0955762
0.0955964
0.0956165
0.0956367
0.0956568
0.0956769
0.0956969
0.095717
0.095737
0.095757
0.095777
0.0957969
0.0958168
0.0958367
0.0958566
0.0958764
0.0958962
0.095916
0.0959358
0.0959555
0.0959752
0.0959949
0.0960146
0.0960342
0.0960538
0.0960734
0.096093
0.0961125
0.096132
0.0961515
0.096171
0.0961904
0.0962098
0.0962292
0.0962486
0.0962679
0.0962872
0.0963065
0.0963258
0.096345
0.0963642
0.0963834
0.0964025
0.0964217
0.0964408
0.0964598
0.0964789
0.0964979
0.0965169
0.0965359
0.0965548
0.0965738
0.0965927
0.0966115
0.0966304
0.0966492
0.096668
0.0966868
0.0967055
0.0967242
0.0967429
0.0967616
0.0967803
0.0967989
0.0968175
0.096836
0.0968546
0.0968731
0.0968916
0.09691
0.0969285
0.0969469
0.0969653
0.0969836
0.097002
0.0970203
0.0970386
0.0970568
0.097075
0.0970932
0.0971114
0.0971296
0.0971477
0.0971658
0.0971839
0.0972019
0.0972199
0.0972379
0.0972559
0.0972739
0.0972918
0.0973097
0.0973275
0.0973454
0.0973632
0.097381
0.0973988
0.0974165
0.0974342
0.0974519
0.0974695
0.0974872
0.0975048
0.0975224
0.0975399
0.0975575
0.097575
0.0975924
0.0976099
0.0976273
0.0976447
0.0976621
0.0976794
0.0976967
0.097714
0.0977313
0.0977485
0.0977658
0.097783
0.0978001
0.0978172
0.0978344
0.0978514
0.0978685
0.0978855
0.0979025
0.0979195
0.0979365
0.0979534
0.0979703
0.0979872
0.098004
0.0980208
0.0980376
0.0980544
0.0980711
0.0980879
0.0981045
0.0981212
0.0981378
0.0981545
0.098171
0.0981876
0.0982041
0.0982206
0.0982371
0.0982536
0.09827
0.0982864
0.0983028
0.0983191
0.0983354
0.0983517
0.098368
0.0983842
0.0984004
0.0984166
0.0984328
0.0984489
0.098465
0.0984811
0.0984971
0.0985132
0.0985292
0.0985451
0.0985611
0.098577
0.0985929
0.0986088
0.0986246
0.0986404
0.0986562
0.098672
0.0986877
0.0987034
0.0987191
0.0987348
0.0987504
0.098766
0.0987816
0.0987971
0.0988126
0.0988281
0.0988436
0.098859
0.0988744
0.0988898
0.0989052
0.0989205
0.0989358
0.0989511
0.0989663
0.0989816
0.0989968
0.0990119
0.0990271
0.0990422
0.0990573
0.0990724
0.0990874
0.0991024
0.0991174
0.0991323
0.0991473
0.0991622
0.0991771
0.0991919
0.0992067
0.0992215
0.0992363
0.099251
0.0992657
0.0992804
0.0992951
0.0993097
0.0993243
0.0993389
0.0993535
0.099368
0.0993825
0.099397
0.0994114
0.0994258
0.0994402
0.0994546
0.0994689
0.0994832
0.0994975
0.0995117
0.099526
0.0995402
0.0995543
0.0995685
0.0995826
0.0995967
0.0996108
0.0996248
0.0996388
0.0996528
0.0996667
0.0996807
0.0996946
0.0997085
0.0997223
0.0997361
0.0997499
0.0997637
0.0997774
0.0997911
0.0998048
0.0998185
0.0998321
0.0998457
0.0998593
0.0998728
0.0998863
0.0998998
0.0999133
0.0999267
0.0999401
0.0999535
0.0999669
0.0999802
0.0999935
0.100007
0.10002
0.100033
0.100046
0.10006
0.100073
0.100086
0.100099
0.100112
0.100125
0.100138
0.100151
0.100164
0.100177
0.10019
0.100203
0.100215
0.100228
0.100241
0.100254
0.100266
0.100279
0.100292
0.100305
0.100317
0.10033
0.100342
0.100355
0.100367
0.10038
0.100392
0.100405
0.100417
0.100429
0.100442
0.100454
0.100466
0.100479
0.100491
0.100503
0.100515
0.100527
0.100539
0.100552
0.100564
0.100576
0.100588
0.1006
0.100612
0.100624
0.100635
0.100647
0.100659
0.100671
0.100683
0.100694
0.100706
0.100718
0.10073
0.100741
0.100753
0.100764
0.100776
0.100788
0.100799
0.100811
0.100822
0.100833
0.100845
0.100856
0.100868
0.100879
0.10089
0.100901
0.100913
0.100924
0.100935
0.100946
0.100957
0.100968
0.100979
0.10099
0.101001
0.101012
0.101023
0.101034
0.101045
0.101056
0.101067
0.101078
0.101089
0.101099
0.10111
0.101121
0.101131
0.101142
0.101153
0.101163
0.101174
0.101184
0.101195
0.101205
0.101216
0.101226
0.101237
0.101247
0.101257
0.101268
0.101278
0.101288
0.101298
0.101309
0.101319
0.101329
0.101339
0.101349
0.101359
0.101369
0.101379
0.101389
0.101399
0.101409
0.101419
0.101429
0.101439
0.101448
0.101458
0.101468
0.101478
0.101487
0.101497
0.101507
0.101516
0.101526
0.101535
0.101545
0.101554
0.101564
0.101573
0.101583
0.101592
0.101601
0.101611
0.10162
0.101629
0.101639
0.101648
0.101657
0.101666
0.101675
0.101684
0.101693
0.101702
0.101711
0.10172
0.101729
0.101738
0.101747
0.101756
0.101765
0.101774
0.101783
0.101791
0.1018
0.101809
0.101817
0.101826
0.101835
0.101843
0.101852
0.10186
0.101869
0.101877
0.101886
0.101894
0.101903
0.101911
0.101919
0.101928
0.101936
0.101944
0.101952
0.101961
0.101969
0.101977
0.101985
0.101993
0.102001
0.102009
0.102017
0.102025
0.102033
0.102041
0.102049
0.102057
0.102065
0.102072
0.10208
0.102088
0.102096
0.102103
0.102111
0.102119
0.102126
0.102134
0.102141
0.102149
0.102156
0.102164
0.102171
0.102179
0.102186
0.102193
0.102201
0.102208
0.102215
0.102222
0.102229
0.102237
0.102244
0.102251
0.102258
0.102265
0.102272
0.102279
0.102286
0.102293
0.1023
0.102307
0.102314
0.10232
0.102327
0.102334
0.102341
0.102348
0.102354
0.102361
0.102367
0.102374
0.102381
0.102387
0.102394
0.1024
0.102407
0.102413
0.102419
0.102426
0.102432
0.102438
0.102445
0.102451
0.102457
0.102463
0.10247
0.102476
0.102482
0.102488
0.102494
0.1025
0.102506
0.102512
0.102518
0.102524
0.10253
0.102536
0.102541
0.102547
0.102553
0.102559
0.102564
0.10257
0.102576
0.102581
0.102587
0.102593
0.102598
0.102604
0.102609
0.102615
0.10262
0.102625
0.102631
0.102636
0.102641
0.102647
0.102652
0.102657
0.102662
0.102668
0.102673
0.102678
0.102683
0.102688
0.102693
0.102698
0.102703
0.102708
0.102713
0.102718
0.102722
0.102727
0.102732
0.102737
0.102742
0.102746
0.102751
0.102756
0.10276
0.102765
0.102769
0.102774
0.102778
0.102783
0.102787
0.102792
0.102796
0.102801
0.102805
0.102809
0.102813
0.102818
0.102822
0.102826
0.10283
0.102834
0.102838
0.102843
0.102847
0.102851
0.102855
0.102859
0.102862
0.102866
0.10287
0.102874
0.102878
0.102882
0.102885
0.102889
0.102893
0.102897
0.1029
0.102904
0.102907
0.102911
0.102914
0.102918
0.102921
0.102925
0.102928
0.102932
0.102935
0.102938
0.102942
0.102945
0.102948
0.102951
0.102954
0.102958
0.102961
0.102964
0.102967
0.10297
0.102973
0.102976
0.102979
0.102982
0.102985
0.102988
0.10299
0.102993
0.102996
0.102999
0.103001
0.103004
0.103007
0.103009
0.103012
0.103015
0.103017
0.10302
0.103022
0.103025
0.103027
0.103029
0.103032
0.103034
0.103036
0.103039
0.103041
0.103043
0.103045
0.103047
0.10305
0.103052
0.103054
0.103056
0.103058
0.10306
0.103062
0.103064
0.103066
0.103068
0.103069
0.103071
0.103073
0.103075
0.103076
0.103078
0.10308
0.103082
0.103083
0.103085
0.103086
0.103088
0.103089
0.103091
0.103092
0.103094
0.103095
0.103096
0.103098
0.103099
0.1031
0.103102
0.103103
0.103104
0.103105
0.103106
0.103107
0.103108
0.103109
0.10311
0.103111
0.103112
0.103113
0.103114
0.103115
0.103116
0.103117
0.103117
0.103118
0.103119
0.10312
0.10312
0.103121
0.103121
0.103122
0.103123
0.103123
0.103124
0.103124
0.103124
0.103125
0.103125
0.103126
0.103126
0.103126
0.103126
0.103127
0.103127
0.103127
0.103127
0.103127
0.103127
0.103127
0.103127
0.103127
0.103127
0.103127
0.103127
0.103127
0.103127
0.103127
0.103127
0.103126
0.103126
0.103126
0.103125
0.103125
0.103125
0.103124
0.103124
0.103123
0.103123
0.103122
0.103122
0.103121
0.103121
0.10312
0.103119
0.103119
0.103118
0.103117
0.103116
0.103115
0.103115
0.103114
0.103113
0.103112
0.103111
0.10311
0.103109
0.103108
0.103107
0.103106
0.103105
0.103103
0.103102
0.103101
0.1031
0.103098
0.103097
0.103096
0.103094
0.103093
0.103092
0.10309
0.103089
0.103087
0.103086
0.103084
0.103082
0.103081
0.103079
0.103078
0.103076
0.103074
0.103072
0.10307
0.103069
0.103067
0.103065
0.103063
0.103061
0.103059
0.103057
0.103055
0.103053
0.103051
0.103049
0.103047
0.103044
0.103042
0.10304
0.103038
0.103035
0.103033
0.103031
0.103028
0.103026
0.103024
0.103021
0.103019
0.103016
0.103013
0.103011
0.103008
0.103006
0.103003
0.103
0.102998
0.102995
0.102992
0.102989
0.102986
0.102983
0.102981
0.102978
0.102975
0.102972
0.102969
0.102966
0.102963
0.102959
0.102956
0.102953
0.10295
0.102947
0.102944
0.10294
0.102937
0.102934
0.10293
0.102927
0.102923
0.10292
0.102916
0.102913
0.102909
0.102906
0.102902
0.102899
0.102895
0.102891
0.102888
0.102884
0.10288
0.102876
0.102872
0.102869
0.102865
0.102861
0.102857
0.102853
0.102849
0.102845
0.102841
0.102837
0.102833
0.102829
0.102824
0.10282
0.102816
0.102812
0.102807
0.102803
0.102799
0.102794
0.10279
0.102786
0.102781
0.102777
0.102772
0.102768
0.102763
0.102758
0.102754
0.102749
0.102744
0.10274
0.102735
0.10273
0.102725
0.10272
0.102716
0.102711
0.102706
0.102701
0.102696
0.102691
0.102686
0.102681
0.102676
0.102671
0.102665
0.10266
0.102655
0.10265
0.102645
0.102639
0.102634
0.102629
0.102623
0.102618
0.102612
0.102607
0.102601
0.102596
0.10259
0.102585
0.102579
0.102573
0.102568
0.102562
0.102556
0.102551
0.102545
0.102539
0.102533
0.102527
0.102521
0.102516
0.10251
0.102504
0.102498
0.102492
0.102485
0.102479
0.102473
0.102467
0.102461
0.102455
0.102448
0.102442
0.102436
0.10243
0.102423
0.102417
0.10241
0.102404
0.102398
0.102391
0.102385
0.102378
0.102371
0.102365
0.102358
0.102351
0.102345
0.102338
0.102331
0.102324
0.102318
0.102311
0.102304
0.102297
0.10229
0.102283
0.102276
0.102269
0.102262
0.102255
0.102248
0.102241
0.102234
0.102227
0.102219
0.102212
0.102205
0.102198
0.10219
0.102183
0.102175
0.102168
0.102161
0.102153
0.102146
0.102138
0.102131
0.102123
0.102115
0.102108
0.1021
0.102092
0.102085
0.102077
0.102069
0.102061
0.102053
0.102046
0.102038
0.10203
0.102022
0.102014
0.102006
0.101998
0.10199
0.101982
0.101974
0.101965
0.101957
0.101949
0.101941
0.101933
0.101924
0.101916
0.101908
0.101899
0.101891
0.101882
0.101874
0.101865
0.101857
0.101848
0.10184
0.101831
0.101823
0.101814
0.101805
0.101796
0.101788
0.101779
0.10177
0.101761
0.101752
0.101744
0.101735
0.101726
0.101717
0.101708
0.101699
0.10169
0.101681
0.101671
0.101662
0.101653
0.101644
0.101635
0.101625
0.101616
0.101607
0.101598
0.101588
0.101579
0.101569
0.10156
0.10155
0.101541
0.101531
0.101522
0.101512
0.101503
0.101493
0.101483
0.101474
0.101464
0.101454
0.101444
0.101435
0.101425
0.101415
0.101405
0.101395
0.101385
0.101375
0.101365
0.101355
0.101345
0.101335
0.101325
0.101315
0.101304
0.101294
0.101284
0.101274
0.101263
0.101253
0.101243
0.101232
0.101222
0.101211
0.101201
0.101191
0.10118
0.101169
0.101159
0.101148
0.101138
0.101127
0.101116
0.101106
0.101095
0.101084
0.101073
0.101062
0.101052
0.101041
0.10103
0.101019
0.101008
0.100997
0.100986
0.100975
0.100964
0.100953
0.100942
0.10093
0.100919
0.100908
0.100897
0.100886
0.100874
0.100863
0.100852
0.10084
0.100829
0.100817
0.100806
0.100794
0.100783
0.100771
0.10076
0.100748
0.100736
0.100725
0.100713
0.100701
0.10069
0.100678
0.100666
0.100654
0.100642
0.100631
0.100619
0.100607
0.100595
0.100583
0.100571
0.100559
0.100547
0.100534
0.100522
0.10051
0.100498
0.100486
0.100474
0.100461
0.100449
0.100437
0.100424
0.100412
0.1004
0.100387
0.100375
0.100362
0.10035
0.100337
0.100325
0.100312
0.100299
0.100287
0.100274
0.100261
0.100249
0.100236
0.100223
0.10021
0.100197
0.100184
0.100172
0.100159
0.100146
0.100133
0.10012
0.100107
0.100094
0.10008
0.100067
0.100054
0.100041
0.100028
0.100015
0.100001
0.099988
0.0999747
0.0999614
0.099948
0.0999346
0.0999212
0.0999078
0.0998943
0.0998808
0.0998672
0.0998537
0.0998401
0.0998265
0.0998129
0.0997992
0.0997855
0.0997718
0.099758
0.0997442
0.0997304
0.0997166
0.0997028
0.0996889
0.099675
0.099661
0.099647
0.0996331
0.099619
0.099605
0.0995909
0.0995768
0.0995627
0.0995485
0.0995343
0.0995201
0.0995059
0.0994916
0.0994773
0.099463
0.0994487
0.0994343
0.0994199
0.0994055
0.099391
0.0993765
0.099362
0.0993475
0.0993329
0.0993183
0.0993037
0.0992891
0.0992744
0.0992597
0.099245
0.0992302
0.0992154
0.0992006
0.0991858
0.0991709
0.0991561
0.0991411
0.0991262
0.0991112
0.0990962
0.0990812
0.0990662
0.0990511
0.099036
0.0990209
0.0990057
0.0989905
0.0989753
0.0989601
0.0989448
0.0989295
0.0989142
0.0988989
0.0988835
0.0988681
0.0988527
0.0988372
0.0988217
0.0988062
0.0987907
0.0987752
0.0987596
0.098744
0.0987283
0.0987127
0.098697
0.0986812
0.0986655
0.0986497
0.0986339
0.0986181
0.0986023
0.0985864
0.0985705
0.0985545
0.0985386
0.0985226
0.0985066
0.0984905
0.0984745
0.0984584
0.0984423
0.0984261
0.09841
0.0983938
0.0983775
0.0983613
0.098345
0.0983287
0.0983124
0.098296
0.0982796
0.0982632
0.0982468
0.0982303
0.0982138
0.0981973
0.0981808
0.0981642
0.0981476
0.098131
0.0981144
0.0980977
0.098081
0.0980643
0.0980475
0.0980307
0.0980139
0.0979971
0.0979802
0.0979634
0.0979464
0.0979295
0.0979125
0.0978955
0.0978785
0.0978615
0.0978444
0.0978273
0.0978102
0.0977931
0.0977759
0.0977587
0.0977415
0.0977242
0.0977069
0.0976896
0.0976723
0.0976549
0.0976376
0.0976201
0.0976027
0.0975853
0.0975678
0.0975503
0.0975327
0.0975151
0.0974976
0.0974799
0.0974623
0.0974446
0.0974269
0.0974092
0.0973915
0.0973737
0.0973559
0.0973381
0.0973202
0.0973023
0.0972844
0.0972665
0.0972485
0.0972306
0.0972125
0.0971945
0.0971764
0.0971584
0.0971403
0.0971221
0.097104
0.0970858
0.0970675
0.0970493
0.097031
0.0970127
0.0969944
0.0969761
0.0969577
0.0969393
0.0969209
0.0969024
0.096884
0.0968655
0.096847
0.0968284
0.0968098
0.0967912
0.0967726
0.0967539
0.0967353
0.0967166
0.0966978
0.0966791
0.0966603
0.0966415
0.0966226
0.0966038
0.0965849
0.096566
0.0965471
0.0965281
0.0965091
0.0964901
0.0964711
0.096452
0.0964329
0.0964138
0.0963947
0.0963755
0.0963563
0.0963371
0.0963178
0.0962986
0.0962793
0.09626
0.0962406
0.0962212
0.0962019
0.0961824
0.096163
0.0961435
0.096124
0.0961045
0.096085
0.0960654
0.0960458
0.0960262
0.0960065
0.0959868
0.0959671
0.0959474
0.0959277
0.0959079
0.0958881
0.0958683
0.0958484
0.0958285
0.0958086
0.0957887
0.0957688
0.0957488
0.0957288
0.0957088
0.0956887
0.0956686
0.0956485
0.0956284
0.0956082
0.0955881
0.0955679
0.0955476
0.0955274
0.0955071
0.0954868
0.0954665
0.0954461
0.0954257
0.0954053
0.0953849
0.0953645
0.095344
0.0953235
0.0953029
0.0952824
0.0952618
0.0952412
0.0952206
0.0951999
0.0951793
0.0951586
0.0951378
0.0951171
0.0950963
0.0950755
0.0950547
0.0950338
0.0950129
0.094992
0.0949711
0.0949502
0.0949292
0.0949082
0.0948872
0.0948661
0.094845
0.0948239
0.0948028
0.0947817
0.0947605
0.0947393
0.0947181
0.0946968
0.0946756
0.0946543
0.0946329
0.0946116
0.0945902
0.0945688
0.0945474
0.094526
0.0945045
0.094483
0.0944615
0.0944399
0.0944184
0.0943968
0.0943752
0.0943535
0.0943319
0.0943102
0.0942885
0.0942667
0.094245
0.0942232
0.0942014
0.0941795
0.0941577
0.0941358
0.0941139
0.0940919
0.09407
0.094048
0.094026
0.094004
0.0939819
0.0939598
0.0939377
0.0939156
0.0938935
0.0938713
0.0938491
0.0938269
0.0938046
0.0937823
0.09376
0.0937377
0.0937154
0.093693
0.0936706
0.0936482
0.0936257
0.0936033
0.0935808
0.0935583
0.0935357
0.0935132
0.0934906
0.093468
0.0934454
0.0934227
0.0934
0.0933773
0.0933546
0.0933318
0.093309
0.0932862
0.0932634
0.0932406
0.0932177
0.0931948
0.0931719
0.0931489
0.093126
0.093103
0.09308
0.0930569
0.0930339
0.0930108
0.0929877
0.0929645
0.0929414
0.0929182
0.092895
0.0928717
0.0928485
0.0928252
0.0928019
0.0927786
0.0927552
0.0927319
0.0927085
0.092685
0.0926616
0.0926381
0.0926147
0.0925911
0.0925676
0.092544
0.0925205
0.0924968
0.0924732
0.0924496
0.0924259
0.0924022
0.0923785
0.0923547
0.0923309
0.0923071
0.0922833
0.0922595
0.0922356
0.0922117
0.0921878
0.0921639
0.0921399
0.0921159
0.0920919
0.0920679
0.0920438
0.0920198
0.0919957
0.0919716
0.0919474
0.0919232
0.091899
0.0918748
0.0918506
0.0918263
0.091802
0.0917777
0.0917534
0.0917291
0.0917047
0.0916803
0.0916559
0.0916314
0.0916069
0.0915824
0.0915579
0.0915334
0.0915088
0.0914843
0.0914596
0.091435
0.0914104
0.0913857
0.091361
0.0913363
0.0913115
0.0912867
0.091262
0.0912371
0.0912123
0.0911874
0.0911626
0.0911377
0.0911127
0.0910878
0.0910628
0.0910378
0.0910128
0.0909878
0.0909627
0.0909376
0.0909125
0.0908874
0.0908622
0.090837
0.0908118
0.0907866
0.0907614
0.0907361
0.0907108
0.0906855
0.0906602
0.0906348
0.0906094
0.090584
0.0905586
0.0905331
0.0905077
0.0904822
0.0904567
0.0904311
0.0904056
0.09038
0.0903544
0.0903287
0.0903031
0.0902774
0.0902517
0.090226
0.0902003
0.0901745
0.0901487
0.0901229
0.0900971
0.0900712
0.0900453
0.0900195
0.0899935
0.0899676
0.0899416
0.0899156
0.0898896
0.0898636
0.0898376
0.0898115
0.0897854
0.0897593
0.0897331
0.089707
0.0896808
0.0896546
0.0896284
0.0896021
0.0895758
0.0895495
0.0895232
0.0894969
0.0894705
0.0894441
0.0894177
0.0893913
0.0893649
0.0893384
0.0893119
0.0892854
0.0892589
0.0892323
0.0892057
0.0891791
0.0891525
0.0891258
0.0890992
0.0890725
0.0890458
0.0890191
0.0889923
0.0889655
0.0889387
0.0889119
0.0888851
0.0888582
0.0888313
0.0888044
0.0887775
0.0887505
0.0887236
0.0886966
0.0886696
0.0886425
0.0886155
0.0885884
0.0885613
0.0885342
0.088507
0.0884799
0.0884527
0.0884255
0.0883983
0.088371
0.0883437
0.0883165
0.0882891
0.0882618
0.0882345
0.0882071
0.0881797
0.0881523
0.0881248
0.0880974
0.0880699
0.0880424
0.0880148
0.0879873
0.0879597
0.0879321
0.0879045
0.0878769
0.0878492
0.0878216
0.0877939
0.0877662
0.0877384
0.0877107
0.0876829
0.0876551
0.0876273
0.0875994
0.0875716
0.0875437
0.0875158
0.0874878
0.0874599
0.0874319
0.0874039
0.0873759
0.0873479
0.0873199
0.0872918
0.0872637
0.0872356
0.0872074
0.0871793
0.0871511
0.0871229
0.0870947
0.0870665
0.0870382
0.0870099
0.0869816
0.0869533
0.086925
0.0868966
0.0868682
0.0868398
0.0868114
0.0867829
0.0867545
0.086726
0.0866975
0.0866689
0.0866404
0.0866118
0.0865832
0.0865546
0.086526
0.0864974
0.0864687
0.08644
0.0864113
0.0863826
0.0863538
0.086325
0.0862962
0.0862674
0.0862386
0.0862097
0.0861809
0.086152
0.0861231
0.0860941
0.0860652
0.0860362
0.0860072
0.0859782
0.0859491
0.0859201
0.085891
0.0858619
0.0858328
0.0858037
0.0857745
0.0857453
0.0857161
0.0856869
0.0856577
0.0856284
0.0855992
0.0855699
0.0855405
0.0855112
0.0854819
0.0854525
0.0854231
0.0853937
0.0853642
0.0853348
0.0853053
0.0852758
0.0852463
0.0852168
0.0851872
0.0851576
0.085128
0.0850984
0.0850688
0.0850391
0.0850095
0.0849798
0.0849501
0.0849203
0.0848906
0.0848608
0.084831
0.0848012
0.0847714
0.0847415
0.0847117
0.0846818
0.0846519
0.084622
0.084592
0.084562
0.0845321
0.0845021
0.084472
0.084442
0.0844119
0.0843818
0.0843517
0.0843216
0.0842915
0.0842613
0.0842311
0.0842009
0.0841707
0.0841405
0.0841102
0.08408
0.0840497
0.0840194
0.083989
0.0839587
0.0839283
0.0838979
0.0838675
0.0838371
0.0838066
0.0837762
0.0837457
0.0837152
0.0836847
0.0836541
0.0836236
0.083593
0.0835624
0.0835318
0.0835011
0.0834705
0.0834398
0.0834091
0.0833784
0.0833477
0.0833169
0.0832862
0.0832554
0.0832246
0.0831937
0.0831629
0.083132
0.0831012
0.0830703
0.0830393
0.0830084
0.0829774
0.0829465
0.0829155
0.0828845
0.0828534
0.0828224
0.0827913
0.0827602
0.0827291
0.082698
0.0826669
0.0826357
0.0826045
0.0825733
0.0825421
0.0825109
0.0824797
0.0824484
0.0824171
0.0823858
0.0823545
0.0823231
0.0822918
0.0822604
0.082229
0.0821976
0.0821661
0.0821347
0.0821032
0.0820717
0.0820402
0.0820087
0.0819772
0.0819456
0.081914
0.0818824
0.0818508
0.0818192
0.0817875
0.0817559
0.0817242
0.0816925
0.0816607
0.081629
0.0815973
0.0815655
0.0815337
0.0815019
0.08147
0.0814382
0.0814063
0.0813744
0.0813425
0.0813106
0.0812787
0.0812467
0.0812148
0.0811828
0.0811508
0.0811187
0.0810867
0.0810546
0.0810226
0.0809905
0.0809584
0.0809262
0.0808941
0.0808619
0.0808297
0.0807975
0.0807653
0.0807331
0.0807008
0.0806685
0.0806363
0.080604
0.0805716
0.0805393
0.0805069
0.0804746
0.0804422
0.0804098
0.0803773
0.0803449
0.0803124
0.0802799
0.0802475
0.0802149
0.0801824
0.0801499
0.0801173
0.0800847
0.0800521
0.0800195
0.0799869
0.0799542
0.0799216
0.0798889
0.0798562
0.0798234
0.0797907
0.079758
0.0797252
0.0796924
0.0796596
0.0796268
0.0795939
0.0795611
0.0795282
0.0794953
0.0794624
0.0794295
0.0793966
0.0793636
0.0793307
0.0792977
0.0792647
0.0792316
0.0791986
0.0791655
0.0791325
0.0790994
0.0790663
0.0790332
0.079
0.0789669
0.0789337
0.0789005
0.0788673
0.0788341
0.0788009
0.0787676
0.0787343
0.078701
0.0786677
0.0786344
0.0786011
0.0785677
0.0785344
0.078501
0.0784676
0.0784342
0.0784007
0.0783673
0.0783338
0.0783003
0.0782668
0.0782333
0.0781998
0.0781662
0.0781327
0.0780991
0.0780655
0.0780319
0.0779983
0.0779646
0.077931
0.0778973
0.0778636
0.0778299
0.0777962
0.0777624
0.0777287
0.0776949
0.0776611
0.0776273
0.0775935
0.0775597
0.0775258
0.077492
0.0774581
0.0774242
0.0773903
0.0773563
0.0773224
0.0772884
0.0772545
0.0772205
0.0771865
0.0771524
0.0771184
0.0770843
0.0770503
0.0770162
0.0769821
0.076948
0.0769138
0.0768797
0.0768455
0.0768113
0.0767772
0.0767429
0.0767087
0.0766745
0.0766402
0.076606
0.0765717
0.0765374
0.0765031
0.0764687
0.0764344
0.0764
0.0763656
0.0763312
0.0762968
0.0762624
0.076228
0.0761935
0.0761591
0.0761246
0.0760901
0.0760556
0.076021
0.0759865
0.0759519
0.0759174
0.0758828
0.0758482
0.0758135
0.0757789
0.0757443
0.0757096
0.0756749
0.0756402
0.0756055
0.0755708
0.0755361
0.0755013
0.0754665
0.0754318
0.075397
0.0753621
0.0753273
0.0752925
0.0752576
0.0752228
0.0751879
0.075153
0.0751181
0.0750831
0.0750482
0.0750132
0.0749783
0.0749433
0.0749083
0.0748733
0.0748382
0.0748032
0.0747681
0.0747331
0.074698
0.0746629
0.0746277
0.0745926
0.0745575
0.0745223
0.0744871
0.074452
0.0744168
0.0743815
0.0743463
0.0743111
0.0742758
0.0742405
0.0742052
0.0741699
0.0741346
0.0740993
0.074064
0.0740286
0.0739932
0.0739578
0.0739224
0.073887
0.0738516
0.0738162
0.0737807
0.0737452
0.0737098
0.0736743
0.0736388
0.0736032
0.0735677
0.0735321
0.0734966
0.073461
0.0734254
0.0733898
0.0733542
0.0733186
0.0732829
0.0732472
0.0732116
0.0731759
0.0731402
0.0731045
0.0730687
0.073033
0.0729972
0.0729615
0.0729257
0.0728899
0.0728541
0.0728183
0.0727824
0.0727466
0.0727107
0.0726748
0.0726389
0.072603
0.0725671
0.0725312
0.0724953
0.0724593
0.0724233
0.0723874
0.0723514
0.0723153
0.0722793
0.0722433
0.0722072
0.0721712
0.0721351
0.072099
0.0720629
0.0720268
0.0719907
0.0719545
0.0719184
0.0718822
0.0718461
0.0718099
0.0717737
0.0717374
0.0717012
0.071665
0.0716287
0.0715925
0.0715562
0.0715199
0.0714836
0.0714473
0.0714109
0.0713746
0.0713382
0.0713019
0.0712655
0.0712291
0.0711927
0.0711563
0.0711198
0.0710834
0.0710469
0.0710105
0.070974
0.0709375
0.070901
0.0708645
0.0708279
0.0707914
0.0707548
0.0707183
0.0706817
0.0706451
0.0706085
0.0705719
0.0705352
0.0704986
0.0704619
0.0704253
0.0703886
0.0703519
0.0703152
0.0702785
0.0702418
0.070205
0.0701683
0.0701315
0.0700947
0.0700579
0.0700211
0.0699843
0.0699475
0.0699107
0.0698738
0.069837
0.0698001
0.0697632
0.0697263
0.0696894
0.0696525
0.0696156
0.0695786
0.0695417
0.0695047
0.0694677
0.0694308
0.0693938
0.0693568
0.0693197
0.0692827
0.0692457
0.0692086
0.0691715
0.0691344
0.0690974
0.0690603
0.0690231
0.068986
0.0689489
0.0689117
0.0688746
0.0688374
0.0688002
0.068763
0.0687258
0.0686886
0.0686514
0.0686141
0.0685769
0.0685396
0.0685023
0.0684651
0.0684278
0.0683905
0.0683531
0.0683158
0.0682785
0.0682411
0.0682038
0.0681664
0.068129
0.0680916
0.0680542
0.0680168
0.0679794
0.0679419
0.0679045
0.067867
0.0678295
0.0677921
0.0677546
0.0677171
0.0676796
0.067642
0.0676045
0.067567
0.0675294
0.0674918
0.0674543
0.0674167
0.0673791
0.0673415
0.0673038
0.0672662
0.0672286
0.0671909
0.0671533
0.0671156
0.0670779
0.0670402
0.0670025
0.0669648
0.0669271
0.0668893
0.0668516
0.0668138
0.0667761
0.0667383
0.0667005
0.0666627
0.0666249
0.0665871
0.0665492
0.0665114
0.0664736
0.0664357
0.0663978
0.06636
0.0663221
0.0662842
0.0662463
0.0662083
0.0661704
0.0661325
0.0660945
0.0660566
0.0660186
0.0659806
0.0659426
0.0659046
0.0658666
0.0658286
0.0657906
0.0657526
0.0657145
0.0656765
0.0656384
0.0656003
0.0655622
0.0655241
0.065486
0.0654479
0.0654098
0.0653717
0.0653335
0.0652954
0.0652572
0.065219
0.0651808
0.0651427
0.0651045
0.0650663
0.065028
0.0649898
0.0649516
0.0649133
0.0648751
0.0648368
0.0647985
0.0647602
0.0647219
0.0646836
0.0646453
0.064607
0.0645687
0.0645303
0.064492
0.0644536
0.0644153
0.0643769
0.0643385
0.0643001
0.0642617
0.0642233
0.0641849
0.0641465
0.064108
0.0640696
0.0640311
0.0639927
0.0639542
0.0639157
0.0638772
0.0638387
0.0638002
0.0637617
0.0637232
0.0636846
0.0636461
0.0636075
0.063569
0.0635304
0.0634918
0.0634532
0.0634146
0.063376
0.0633374
0.0632988
0.0632602
0.0632215
0.0631829
0.0631442
0.0631056
0.0630669
0.0630282
0.0629895
0.0629508
0.0629121
0.0628734
0.0628347
0.062796
0.0627572
0.0627185
0.0626797
0.062641
0.0626022
0.0625634
0.0625246
0.0624858
0.062447
0.0624082
0.0623694
0.0623306
0.0622917
0.0622529
0.0622141
0.0621752
0.0621363
0.0620975
0.0620586
0.0620197
0.0619808
0.0619419
0.061903
0.061864
0.0618251
0.0617862
0.0617472
0.0617083
0.0616693
0.0616304
0.0615914
0.0615524
0.0615134
0.0614744
0.0614354
0.0613964
0.0613574
0.0613183
0.0612793
0.0612403
0.0612012
0.0611622
0.0611231
0.061084
0.0610449
0.0610059
0.0609668
0.0609277
0.0608886
0.0608494
0.0608103
0.0607712
0.060732
0.0606929
0.0606537
0.0606146
0.0605754
0.0605362
0.0604971
0.0604579
0.0604187
0.0603795
0.0603403
0.0603011
0.0602618
0.0602226
0.0601834
0.0601441
0.0601049
0.0600656
0.0600264
0.0599871
0.0599478
0.0599085
0.0598692
0.0598299
0.0597906
0.0597513
0.059712
0.0596727
0.0596334
0.059594
0.0595547
0.0595153
0.059476
0.0594366
0.0593972
0.0593579
0.0593185
0.0592791
0.0592397
0.0592003
0.0591609
0.0591215
0.059082
0.0590426
0.0590032
0.0589637
0.0589243
0.0588848
0.0588454
0.0588059
0.0587664
0.058727
0.0586875
0.058648
0.0586085
0.058569
0.0585295
0.05849
0.0584505
0.0584109
0.0583714
0.0583319
0.0582923
0.0582528
0.0582132
0.0581737
0.0581341
0.0580945
0.0580549
0.0580154
0.0579758
0.0579362
0.0578966
0.057857
0.0578173
0.0577777
0.0577381
0.0576985
0.0576588
0.0576192
0.0575795
0.0575399
0.0575002
0.0574606
0.0574209
0.0573812
0.0573415
0.0573019
0.0572622
0.0572225
0.0571828
0.0571431
0.0571034
0.0570636
0.0570239
0.0569842
0.0569445
0.0569047
0.056865
0.0568252
0.0567855
0.0567457
0.0567059
0.0566662
0.0566264
0.0565866
0.0565468
0.0565071
0.0564673
0.0564275
0.0563877
0.0563478
0.056308
0.0562682
0.0562284
0.0561886
0.0561487
0.0561089
0.056069
0.0560292
0.0559893
0.0559495
0.0559096
0.0558698
0.0558299
0.05579
0.0557501
0.0557102
0.0556704
0.0556305
0.0555906
0.0555507
0.0555108
0.0554708
0.0554309
0.055391
0.0553511
0.0553111
0.0552712
0.0552313
0.0551913
0.0551514
0.0551114
0.0550715
0.0550315
0.0549916
0.0549516
0.0549116
0.0548716
0.0548317
0.0547917
0.0547517
0.0547117
0.0546717
0.0546317
0.0545917
0.0545517
0.0545117
0.0544716
0.0544316
0.0543916
0.0543516
0.0543115
0.0542715
0.0542314
0.0541914
0.0541514
0.0541113
0.0540712
0.0540312
0.0539911
0.0539511
0.053911
0.0538709
0.0538308
0.0537908
0.0537507
0.0537106
0.0536705
0.0536304
0.0535903
0.0535502
0.0535101
0.05347
0.0534299
0.0533897
0.0533496
0.0533095
0.0532694
0.0532292
0.0531891
0.053149
0.0531088
0.0530687
0.0530285
0.0529884
0.0529482
0.0529081
0.0528679
0.0528278
0.0527876
0.0527474
0.0527073
0.0526671
0.0526269
0.0525867
0.0525465
0.0525064
0.0524662
0.052426
0.0523858
0.0523456
0.0523054
0.0522652
0.052225
0.0521848
0.0521445
0.0521043
0.0520641
0.0520239
0.0519837
0.0519434
0.0519032
0.051863
0.0518227
0.0517825
0.0517423
0.051702
0.0516618
0.0516215
0.0515813
0.051541
0.0515008
0.0514605
0.0514203
0.05138
0.0513398
0.0512995
0.0512592
0.0512189
0.0511787
0.0511384
0.0510981
0.0510578
0.0510176
0.0509773
0.050937
0.0508967
0.0508564
0.0508161
0.0507758
0.0507355
0.0506952
0.0506549
0.0506146
0.0505743
0.050534
0.0504937
0.0504534
0.0504131
0.0503728
0.0503325
0.0502922
0.0502518
0.0502115
0.0501712
0.0501309
0.0500905
0.0500502
0.0500099
0.0499696
0.0499292
0.0498889
0.0498486
0.0498082
0.0497679
0.0497275
0.0496872
0.0496469
0.0496065
0.0495662
0.0495258
0.0494855
0.0494451
0.0494048
0.0493644
0.0493241
0.0492837
0.0492433
0.049203
0.0491626
0.0491223
0.0490819
0.0490415
0.0490012
0.0489608
0.0489204
0.0488801
0.0488397
0.0487993
0.048759
0.0487186
0.0486782
0.0486379
0.0485975
0.0485571
0.0485167
0.0484763
0.048436
0.0483956
0.0483552
0.0483148
0.0482745
0.0482341
0.0481937
0.0481533
0.0481129
0.0480725
0.0480321
0.0479918
0.0479514
0.047911
0.0478706
0.0478302
0.0477898
0.0477494
0.047709
0.0476687
0.0476283
0.0475879
0.0475475
0.0475071
0.0474667
0.0474263
0.0473859
0.0473455
0.0473051
0.0472647
0.0472243
0.0471839
0.0471435
0.0471032
0.0470628
0.0470224
0.046982
0.0469416
0.0469012
0.0468608
0.0468204
0.04678
0.0467396
0.0466992
0.0466588
0.0466184
0.046578
0.0465376
0.0464972
0.0464568
0.0464164
0.046376
0.0463357
0.0462953
0.0462549
0.0462145
0.0461741
0.0461337
0.0460933
0.0460529
0.0460125
0.0459721
0.0459317
0.0458913
0.0458509
0.0458106
0.0457702
0.0457298
0.0456894
0.045649
0.0456086
0.0455682
0.0455279
0.0454875
0.0454471
0.0454067
0.0453663
0.0453259
0.0452856
0.0452452
0.0452048
0.0451644
0.045124
0.0450837
0.0450433
0.0450029
0.0449625
0.0449222
0.0448818
0.0448414
0.0448011
0.0447607
0.0447203
0.0446799
0.0446396
0.0445992
0.0445589
0.0445185
0.0444781
0.0444378
0.0443974
0.0443571
0.0443167
0.0442763
0.044236
0.0441956
0.0441553
0.0441149
0.0440746
0.0440342
0.0439939
0.0439535
0.0439132
0.0438729
0.0438325
0.0437922
0.0437519
0.0437115
0.0436712
0.0436309
0.0435905
0.0435502
0.0435099
0.0434695
0.0434292
0.0433889
0.0433486
0.0433083
0.0432679
0.0432276
0.0431873
0.043147
0.0431067
0.0430664
0.0430261
0.0429858
0.0429455
0.0429052
0.0428649
0.0428246
0.0427843
0.042744
0.0427037
0.0426634
0.0426231
0.0425829
0.0425426
0.0425023
0.042462
0.0424218
0.0423815
0.0423412
0.0423009
0.0422607
0.0422204
0.0421802
0.0421399
0.0420996
0.0420594
0.0420191
0.0419789
0.0419387
0.0418984
0.0418582
0.0418179
0.0417777
0.0417375
0.0416972
0.041657
0.0416168
0.0415766
0.0415363
0.0414961
0.0414559
0.0414157
0.0413755
0.0413353
0.0412951
0.0412549
0.0412147
0.0411745
0.0411343
0.0410941
0.0410539
0.0410137
0.0409736
0.0409334
0.0408932
0.040853
0.0408129
0.0407727
0.0407326
0.0406924
0.0406522
0.0406121
0.0405719
0.0405318
0.0404917
0.0404515
0.0404114
0.0403712
0.0403311
0.040291
0.0402509
0.0402108
0.0401706
0.0401305
0.0400904
0.0400503
0.0400102
0.0399701
0.03993
0.0398899
0.0398498
0.0398098
0.0397697
0.0397296
0.0396895
0.0396495
0.0396094
0.0395693
0.0395293
0.0394892
0.0394492
0.0394091
0.0393691
0.039329
0.039289
0.039249
0.0392089
0.0391689
0.0391289
0.0390889
0.0390489
0.0390089
0.0389689
0.0389289
0.0388889
0.0388489
0.0388089
0.0387689
0.0387289
0.0386889
0.038649
0.038609
0.038569
0.0385291
0.0384891
0.0384492
0.0384092
0.0383693
0.0383294
0.0382894
0.0382495
0.0382096
0.0381697
0.0381297
0.0380898
0.0380499
0.03801
0.0379701
0.0379302
0.0378903
0.0378505
0.0378106
0.0377707
0.0377308
0.037691
0.0376511
0.0376113
0.0375714
0.0375316
0.0374917
0.0374519
0.0374121
0.0373722
0.0373324
0.0372926
0.0372528
0.037213
0.0371732
0.0371334
0.0370936
0.0370538
0.037014
0.0369742
0.0369345
0.0368947
0.0368549
0.0368152
0.0367754
0.0367357
0.0366959
0.0366562
0.0366165
0.0365767
0.036537
0.0364973
0.0364576
0.0364179
0.0363782
0.0363385
0.0362988
0.0362591
0.0362194
0.0361798
0.0361401
0.0361004
0.0360608
0.0360211
0.0359815
0.0359419
0.0359022
0.0358626
0.035823
0.0357834
0.0357437
0.0357041
0.0356645
0.035625
0.0355854
0.0355458
0.0355062
0.0354666
0.0354271
0.0353875
0.035348
0.0353084
0.0352689
0.0352293
0.0351898
0.0351503
0.0351108
0.0350713
0.0350317
0.0349922
0.0349528
0.0349133
0.0348738
0.0348343
0.0347948
0.0347554
0.0347159
0.0346765
0.034637
0.0345976
0.0345582
0.0345187
0.0344793
0.0344399
0.0344005
0.0343611
0.0343217
0.0342823
0.0342429
0.0342036
0.0341642
0.0341248
0.0340855
0.0340461
0.0340068
0.0339675
0.0339281
0.0338888
0.0338495
0.0338102
0.0337709
0.0337316
0.0336923
0.033653
0.0336138
0.0335745
0.0335352
0.033496
0.0334567
0.0334175
0.0333782
0.033339
0.0332998
0.0332606
0.0332214
0.0331822
0.033143
0.0331038
0.0330646
0.0330255
0.0329863
0.0329471
0.032908
0.0328689
0.0328297
0.0327906
0.0327515
0.0327124
0.0326733
0.0326342
0.0325951
0.032556
0.0325169
0.0324778
0.0324388
0.0323997
0.0323607
0.0323216
0.0322826
0.0322436
0.0322046
0.0321655
0.0321265
0.0320875
0.0320486
0.0320096
0.0319706
0.0319316
0.0318927
0.0318537
0.0318148
0.0317759
0.0317369
0.031698
0.0316591
0.0316202
0.0315813
0.0315424
0.0315035
0.0314647
0.0314258
0.031387
0.0313481
0.0313093
0.0312704
0.0312316
0.0311928
0.031154
0.0311152
0.0310764
0.0310376
0.0309988
0.0309601
0.0309213
0.0308826
0.0308438
0.0308051
0.0307664
0.0307276
0.0306889
0.0306502
0.0306115
0.0305729
0.0305342
0.0304955
0.0304569
0.0304182
0.0303796
0.0303409
0.0303023
0.0302637
0.0302251
0.0301865
0.0301479
0.0301093
0.0300707
0.0300322
0.0299936
0.0299551
0.0299165
0.029878
0.0298395
0.029801
0.0297624
0.0297239
0.0296855
0.029647
0.0296085
0.0295701
0.0295316
0.0294932
0.0294547
0.0294163
0.0293779
0.0293395
0.0293011
0.0292627
0.0292243
0.0291859
0.0291476
0.0291092
0.0290709
0.0290325
0.0289942
0.0289559
0.0289176
0.0288793
0.028841
0.0288027
0.0287645
0.0287262
0.0286879
0.0286497
0.0286115
0.0285732
0.028535
0.0284968
0.0284586
0.0284204
0.0283823
0.0283441
0.0283059
0.0282678
0.0282297
0.0281915
0.0281534
0.0281153
0.0280772
0.0280391
0.028001
0.0279629
0.0279249
0.0278868
0.0278488
0.0278108
0.0277727
0.0277347
0.0276967
0.0276587
0.0276207
0.0275828
0.0275448
0.0275069
0.0274689
0.027431
0.0273931
0.0273551
0.0273172
0.0272793
0.0272415
0.0272036
0.0271657
0.0271279
0.02709
0.0270522
0.0270144
0.0269766
0.0269388
0.026901
0.0268632
0.0268254
0.0267876
0.0267499
0.0267121
0.0266744
0.0266367
0.026599
0.0265613
0.0265236
0.0264859
0.0264483
0.0264106
0.0263729
0.0263353
0.0262977
0.0262601
0.0262225
0.0261849
0.0261473
0.0261097
0.0260721
0.0260346
0.0259971
0.0259595
0.025922
0.0258845
0.025847
0.0258095
0.025772
0.0257346
0.0256971
0.0256597
0.0256222
0.0255848
0.0255474
0.02551
0.0254726
0.0254352
0.0253979
0.0253605
0.0253232
0.0252858
0.0252485
0.0252112
0.0251739
0.0251366
0.0250993
0.025062
0.0250248
0.0249875
0.0249503
0.0249131
0.0248759
0.0248387
0.0248015
0.0247643
0.0247271
0.02469
0.0246528
0.0246157
0.0245786
0.0245415
0.0245044
0.0244673
0.0244302
0.0243932
0.0243561
0.0243191
0.024282
0.024245
0.024208
0.024171
0.024134
0.0240971
0.0240601
0.0240232
0.0239862
0.0239493
0.0239124
0.0238755
0.0238386
0.0238017
0.0237649
0.023728
0.0236912
0.0236543
0.0236175
0.0235807
0.0235439
0.0235071
0.0234704
0.0234336
0.0233969
0.0233601
0.0233234
0.0232867
0.02325
0.0232133
0.0231766
0.02314
0.0231033
0.0230667
0.0230301
0.0229935
0.0229569
0.0229203
0.0228837
0.0228471
0.0228106
0.022774
0.0227375
0.022701
0.0226645
0.022628
0.0225915
0.0225551
0.0225186
0.0224822
0.0224458
0.0224093
0.0223729
0.0223366
0.0223002
0.0222638
0.0222275
0.0221911
0.0221548
0.0221185
0.0220822
0.0220459
0.0220096
0.0219734
0.0219371
0.0219009
0.0218647
0.0218284
0.0217922
0.0217561
0.0217199
0.0216837
0.0216476
0.0216114
0.0215753
0.0215392
0.0215031
0.021467
0.021431
0.0213949
0.0213589
0.0213229
0.0212868
0.0212508
0.0212148
0.0211789
0.0211429
0.021107
0.021071
0.0210351
0.0209992
0.0209633
0.0209274
0.0208915
0.0208557
0.0208198
0.020784
0.0207482
0.0207124
