0.0489999
0.0490026
0.0490054
0.0490082
0.049011
0.0490138
0.0490166
0.0490194
0.0490222
0.0490249
0.0490277
0.0490305
0.0486595
0.047541
0.0471077
0.0469236
0.0469887
0.0476144
0.0480533
0.0482429
0.0490555
0.0490583
0.049061
0.0490015
0.0475715
0.0470759
0.0468918
0.0467077
0.0462121
0.0461526
0.0468406
0.0467811
0.0467215
0.046662
0.0464156
0.0458577
0.0454867
0.0453648
0.0449315
0.0453703
0.0457469
0.0461857
0.0464999
0.0469387
0.0474398
0.0479409
0.0480059
0.0481955
0.0482606
0.0483256
0.0482661
0.0483311
0.0484584
0.0482743
0.0481524
0.0480306
0.047971
0.0479114
0.047665
0.0477923
0.0481065
0.0486699
0.0487972
0.0487999
0.0488649
0.0488677
0.048995
0.0491846
0.0491873
0.04919
0.0491927
0.0490086
0.0487621
0.0485156
0.0483938
0.0485834
0.0491467
0.0492117
0.0492144
0.0492171
0.0492198
0.0492225
0.0492252
0.0492279
0.0481716
0.0474268
0.0470558
0.0471207
0.0473726
0.047936
0.0486862
0.0492495
0.0492522
0.0492549
0.0492576
0.0492603
0.049263
0.0492656
0.0492683
0.049271
0.0492737
0.0492764
0.0492791
0.0492817
0.0492844
0.0492871
0.0492898
0.0492924
0.0489836
0.0479896
0.0476808
0.0476212
0.0479976
0.0482495
0.0480652
0.0483794
0.0490673
0.0493191
0.0493218
0.0493244
0.0493271
0.0493297
0.0493324
0.049335
0.0493377
0.0493404
0.049343
0.0493457
0.0493483
0.0493509
0.0493536
0.0493562
0.0493589
0.0482402
0.0479937
0.0480586
0.0484973
0.0493721
0.0486272
0.0486921
0.048321
0.0481367
0.0478279
0.0477059
0.0481446
0.0482718
0.0481499
0.0482148
0.0481551
0.0481577
0.0483472
0.0489728
0.0491
0.0491649
0.0493544
0.0484849
0.0475531
0.0469951
0.0467485
0.0467511
0.0472521
0.0481268
0.0487524
0.0492533
0.0494428
0.0494454
0.049448
0.0494506
0.049204
0.0488329
0.0478387
0.0479659
0.0477816
0.0473482
0.0471639
0.0471042
0.0471068
0.0467979
0.0463644
0.045744
0.045622
0.0458738
0.0454403
0.0451937
0.0452586
0.0452612
0.0458867
0.0470105
0.0472
0.0470157
0.0468314
0.0467094
0.046525
0.0469014
0.0472154
0.0467819
0.0463484
0.0462264
0.0462912
0.04592
0.0460472
0.0460497
0.0458031
0.0454319
0.0453099
0.0448141
0.0440691
0.0437602
0.0437004
0.043703
0.044017
0.0451408
0.0451433
0.0447098
0.0438402
0.0432198
0.042724
0.0422282
0.0421684
0.0422333
0.0426096
0.0427367
0.0427392
0.0426794
0.042682
0.0428091
0.0427493
0.0428141
0.0425674
0.0426946
0.0427594
0.0428242
0.0435742
0.0448226
0.0461333
0.0464473
0.0463875
0.0469506
0.0474515
0.0477655
0.0480794
0.0483311
0.0485205
0.0484607
0.0488993
0.0490263
0.0491534
0.0491559
0.0490338
0.048974
0.0488519
0.0482937
0.0481094
0.0476758
0.0475537
0.0475562
0.047434
0.0476234
0.0475636
0.0476284
0.0473817
0.0475087
0.0473243
0.0470776
0.0470178
0.0469579
0.0467735
0.0467137
0.0466539
0.0467186
0.0468457
0.0468481
0.0467883
0.0467285
0.0466686
0.0463596
0.0461129
0.0459284
0.0458686
0.0458711
0.0459358
0.0457514
0.0457538
0.0455694
0.0453849
0.0453251
0.0450783
0.0450185
0.0448963
0.0448364
0.0448389
0.044779
0.0447814
0.0445347
0.0445371
0.0449133
0.0451649
0.045105
0.0444845
0.0439886
0.0434926
0.043059
0.0436221
0.0443097
0.0443744
0.0447506
0.0448153
0.0457521
0.0456299
0.0459438
0.0463823
0.0466338
0.0465117
0.0465141
0.0465787
0.0463943
0.0484524
0.0493269
0.0491424
0.0488333
0.0487734
0.0489004
0.0483421
0.048033
0.0477239
0.0471034
0.0495352
0.0491015
0.0487301
0.0484833
0.0488595
0.0492356
0.0494249
0.0491158
0.0488067
0.0483107
0.0484999
0.0476302
0.0471342
0.0468251
0.0465782
0.0462068
0.0460846
0.0456509
0.0455287
0.0452818
0.0449727
0.044539
0.0443545
0.0444191
0.0446083
0.0447976
0.0447999
0.0448022
0.0447423
0.0448069
0.0456191
0.0463066
0.0462467
0.0467473
0.0469989
0.0471258
0.047315
0.0473173
0.0475688
0.047758
0.0477603
0.0479495
0.048201
0.0486394
0.0485794
0.0482079
0.0472758
0.0465306
0.046346
0.0464106
0.0465998
0.0468513
0.0474765
0.0482264
0.0484156
0.0486047
0.0489808
0.0492946
0.0487985
0.0483647
0.0487408
0.0488676
0.0489322
0.049246
0.0494351
0.0498735
0.0500003
0.0500026
0.0500049
0.0500072
0.049075
0.0487658
0.0487058
0.0483343
0.0486481
0.049211
0.050023
0.0500253
0.0500276
0.0500298
0.0500321
0.0500343
0.0500366
0.0500388
0.0500411
0.0500433
0.0500456
0.0500478
0.0500501
0.0500523
0.0500546
0.0500568
0.0499344
0.0495006
0.0488176
0.0483838
0.0480123
0.0480145
0.048079
0.048455
0.0495785
0.0500791
0.0500813
0.0500835
0.0500858
0.050088
0.0500902
0.0500924
0.0500946
0.0500968
0.050099
0.0501012
0.0501034
0.0501056
0.0501079
0.0501101
0.0501123
0.0501144
0.0501166
0.0501188
0.050121
0.0501232
0.0501254
0.0501276
0.0501298
0.050132
0.0501341
0.0501363
0.0501385
0.0501407
0.0501429
0.050145
0.0501472
0.0501494
0.0501516
0.0501537
0.0501559
0.050158
0.0501602
0.0501624
0.0501645
0.0501667
0.0501688
0.050171
0.0501732
0.050113
0.0500529
0.0501796
0.0501817
0.0501839
0.050186
0.0501882
0.0501903
0.0501925
0.0501946
0.0501967
0.0501989
0.050201
0.0502031
0.0502052
0.0502074
0.0502095
0.0502116
0.0502137
0.0502159
0.050218
0.0502201
0.0502222
0.0502243
0.0502264
0.0502285
0.0502307
0.0502328
0.0502349
0.050237
0.0502391
0.0502412
0.0502433
0.0502454
0.0502475
0.0502496
0.0502516
0.0502537
0.0502558
0.0502579
0.05026
0.0502621
0.0502642
0.0502662
0.0502683
0.0502704
0.0502725
0.0502745
0.0502766
0.0502787
0.0502807
0.0502828
0.0502849
0.0502869
0.050289
0.050291
0.0502931
0.0502952
0.0502972
0.0502993
0.0503013
0.0503034
0.0503054
0.0503075
0.0503095
0.0503115
0.0503136
0.0503156
0.0503177
0.0503197
0.0503217
0.0503238
0.0503258
0.0503278
0.0503298
0.0503319
0.0503339
0.0503359
0.0503379
0.0503399
0.050342
0.050344
0.050346
0.050348
0.05035
0.050352
0.050354
0.050356
0.050358
0.05036
0.050362
0.050364
0.050366
0.050368
0.05037
0.050372
0.050374
0.0503137
0.0503779
0.0503799
0.0503819
0.0503839
0.0503859
0.0503878
0.0503898
0.0503918
0.0503937
0.0503957
0.0503977
0.0503996
0.0504016
0.0504036
0.0504055
0.0504075
0.0504094
0.0504114
0.0504133
0.0502907
0.0499189
0.0496717
0.0497359
0.0499247
0.0500513
0.0502401
0.0503043
0.0501817
0.0503082
0.0503724
0.0504366
0.0504386
0.0504405
0.0502555
0.0501952
0.0501971
0.0500744
0.0499518
0.0498291
0.0497064
0.0494591
0.0492742
0.0490892
0.0488419
0.0485947
0.0485343
0.0484116
0.0482889
0.0481662
0.0479812
0.0482323
0.048608
0.0487344
0.0489855
0.0489251
0.0492384
0.0496764
0.050052
0.0501785
0.0502427
0.0504314
0.050371
0.0501237
0.050001
0.0498783
0.049631
0.0493214
0.0487626
0.0493874
0.0486417
0.048519
0.0485208
0.048585
0.0488983
0.049087
0.0489643
0.0489039
0.0491549
0.0494059
0.0496569
0.0501571
0.0505327
0.0505346
0.0496643
0.0494169
0.0491073
0.0489222
0.0488618
0.0489259
0.0486785
0.0479328
0.0477478
0.0477496
0.0475022
0.0476909
0.0476927
0.0478191
0.0480078
0.048508
0.0501294
0.0502558
0.0504445
0.0503217
0.0501989
0.0503253
0.0505763
0.0505781
0.0505799
0.0505817
0.0505834
0.0505229
0.0503378
0.0504019
0.0500299
0.0495956
0.0489122
0.0486648
0.048542
0.0482946
0.0491062
0.0497309
0.0497326
0.0499213
0.0500476
0.0505477
0.0506118
0.0504889
0.0502415
0.050617
0.0506188
0.0506205
0.0506223
0.050624
0.0506258
0.0506275
0.0506292
0.050631
0.0506327
0.0506344
0.0504493
0.0501395
0.0498921
0.0498938
0.0499578
0.050271
0.0506465
0.0506482
0.0506499
0.0506517
0.0506534
0.0506551
0.0506568
0.0506585
0.0506602
0.0506619
0.0506636
0.050603
0.050667
0.0506687
0.0506704
0.0506721
0.0506738
0.0501148
0.0496804
0.049246
0.0489363
0.0493117
0.049438
0.0498757
0.0506872
0.0506889
0.0506905
0.0506922
0.0506939
0.0506955
0.0506972
0.0506989
0.0507005
0.0507022
0.0507038
0.0507055
0.0507071
0.0507088
0.0507104
0.0507121
0.0507137
0.0507153
0.050717
0.0500334
0.0498481
0.0499744
0.0504743
0.0505383
0.0507268
0.0507284
0.05073
0.0507316
0.0507333
0.0506726
0.0507365
0.0507381
0.0507397
0.0507413
0.0507429
0.0507445
0.0507461
0.0507477
0.0507493
0.0507509
0.0507525
0.0507541
0.0507557
0.050695
0.0507589
0.0507605
0.0507621
0.0507637
0.0507652
0.0507668
0.0507684
0.05077
0.0507715
0.0507731
0.0507747
0.0507762
0.0507778
0.0507794
0.0507809
0.0507825
0.050784
0.0507856
0.0507872
0.0507887
0.0507903
0.0507918
0.0507933
0.0504834
0.0502981
0.0502996
0.0503011
0.050365
0.0506157
0.0508041
0.0508056
0.0508072
0.0508087
0.0508102
0.0508117
0.0508132
0.0508148
0.0508163
0.0508178
0.0508193
0.0508208
0.0508223
0.0508238
0.0508253
0.0508268
0.0508283
0.0508298
0.0508313
0.050459
0.0501491
0.0502129
0.050775
0.0508388
0.0508402
0.0508417
0.0508432
0.0508447
0.0508462
0.0508476
0.0508491
0.0508506
0.050852
0.0508535
0.050855
0.0508564
0.0508579
0.0508593
0.0508608
0.0508623
0.0508637
0.0508652
0.0508666
0.0508681
0.0508695
0.0508709
0.0508724
0.0508738
0.0508752
0.0508767
0.0508781
0.0508795
0.050881
0.0508824
0.0508838
0.0508852
0.0508867
0.0508881
0.0508895
0.0508909
0.0508923
0.0508937
0.0508951
0.0508965
0.0508979
0.0508993
0.0509007
0.0509021
0.0509035
0.0509049
0.0509063
0.0509077
0.0509091
0.0509105
0.0509119
0.0509132
0.0509146
0.050916
0.0509174
0.0509187
0.0509201
0.0509215
0.0509228
0.0509242
0.0509256
0.0509269
0.0509283
0.0509296
0.050931
0.0509323
0.0509337
0.0506236
0.050438
0.0501902
0.0503161
0.0506289
0.0508795
0.0509431
0.0508198
0.0506343
0.0504487
0.0503255
0.0502022
0.0502035
0.0502049
0.0502062
0.0502698
0.0503334
0.0505839
0.0506475
0.0505242
0.0502763
0.0504645
0.0501544
0.0501557
0.0496586
0.049473
0.0495366
0.0497871
0.0506605
0.0509732
0.0509745
0.0509758
0.0509771
0.0509784
0.0507305
0.0505449
0.0504216
0.0502359
0.0502372
0.0503008
0.0501152
0.0500541
0.05018
0.0501189
0.0501202
0.0500592
0.0498735
0.0496879
0.0493777
0.0491298
0.0490687
0.0491945
0.0492581
0.0492593
0.0493851
0.0494487
0.0495745
0.0495757
0.0495146
0.0495159
0.0495794
0.0495183
0.0495818
0.049583
0.0495843
0.0495855
0.049649
0.0495879
0.0494022
0.0492788
0.0492178
0.0490944
0.0490333
0.0489099
0.0488488
0.0489123
0.0491003
0.0493507
0.0494765
0.0494777
0.0494788
0.04948
0.0493566
0.0494201
0.0495458
0.0496093
0.0498597
0.0499231
0.0499866
0.05005
0.0501135
0.0501769
0.0501781
0.050117
0.0498689
0.0493717
0.0488745
0.0486265
0.0485654
0.0488157
0.0494398
0.0499392
0.0503764
0.0508136
0.0510639
0.0510651
0.0510662
0.0510673
0.0510684
0.0510696
0.0510707
0.0510718
0.0510729
0.051074
0.0510751
0.0510762
0.0510774
0.0510785
0.0502074
0.049461
0.0486523
0.0480304
0.0478447
0.0480949
0.0489681
0.0496545
0.0500916
0.050591
0.0509036
0.0510915
0.0510926
0.0510937
0.0510948
0.0510958
0.0510969
0.051098
0.051099
0.0511001
0.0511012
0.0511022
0.0511033
0.0506683
0.0496726
0.0485524
0.0473698
0.046561
0.0457523
0.0461271
0.0474986
0.0483717
0.0488711
0.0494951
0.0498699
0.0496217
0.0496228
0.0499353
0.049874
0.0499373
0.0497514
0.0500016
0.0498158
0.0497545
0.0499424
0.0496942
0.0492591
0.047952
0.0470186
0.0465835
0.0462107
0.0460871
0.0464619
0.0472727
0.0477097
0.0479599
0.0481478
0.0486471
0.0491464
0.049272
0.0493353
0.0492116
0.0493372
0.0494005
0.0498998
0.0501499
0.0503378
0.0509617
0.0511495
0.0511505
0.0507153
0.0499065
0.0487861
0.0482264
0.047293
0.047107
0.0469834
0.047545
0.048418
0.0497894
0.0506625
0.0509749
0.0511627
0.0511636
0.0511645
0.0511654
0.0511664
0.0511673
0.0511682
0.0511691
0.05117
0.0511709
0.0511718
0.0511727
0.0511736
0.0511745
0.050241
0.0494944
0.0486854
0.0483749
0.0483135
0.0486258
0.0493742
0.0500603
0.0508087
0.0511834
0.0511843
0.0511851
0.051186
0.0511869
0.0511877
0.0511886
0.0511895
0.0511903
0.0511912
0.051192
0.0511929
0.0511937
0.0511946
0.0511331
0.0506356
0.0500135
0.0495783
0.0493923
0.0495177
0.0496431
0.0496439
0.0497694
0.0498948
0.0499579
0.0498964
0.0500218
0.0500226
0.0505218
0.0512079
0.0512087
0.0512095
0.0512103
0.0512111
0.0512119
0.0512127
0.0512135
0.0512143
0.0510282
0.0502815
0.0494101
0.0490995
0.0488511
0.048665
0.0488526
0.0492895
0.0497886
0.0501008
0.051036
0.0512237
0.0512244
0.0512252
0.051226
0.0512267
0.0512275
0.0512282
0.051229
0.0512297
0.0512305
0.0512312
0.051232
0.0512327
0.0511089
0.050549
0.0496776
0.0486193
0.048184
0.0481224
0.0481855
0.0492452
0.0504295
0.05124
0.0512408
0.0512415
0.0512422
0.0512429
0.0510567
0.0500607
0.0505598
0.0505605
0.0499383
0.0494406
0.0491298
0.0490059
0.0486952
0.0482598
0.0477621
0.0475759
0.0476389
0.0474527
0.0473288
0.0475164
0.0477039
0.0476423
0.0475184
0.0475191
0.0477066
0.0478319
0.0480194
0.0479578
0.0480207
0.0480214
0.0482712
0.0485833
0.0488331
0.050142
0.0508278
0.0510154
0.0507668
0.0503937
0.049896
0.0495852
0.0489628
0.0488389
0.0483412
0.0486533
0.0500243
0.0503987
0.0510846
0.0512721
0.0512727
0.0512733
0.0512739
0.0512745
0.0512751
0.0512757
0.0512763
0.0512769
0.0512775
0.0512781
0.0512787
0.0512793
0.0512799
0.0512805
0.0507204
0.0501603
0.0493511
0.0489779
0.0489785
0.0490413
0.0492288
0.0494785
0.0502266
0.0505386
0.0507261
0.0506644
0.0501043
0.0499179
0.0497316
0.0502928
0.0501688
0.050107
0.0502944
0.0501704
0.0502955
0.0502337
0.050172
0.0501725
0.049737
0.04899
0.0483676
0.0474337
0.0473719
0.0473101
0.0476844
0.0492423
0.0500526
0.0504269
0.0501782
0.0499918
0.0503661
0.0504912
0.0504294
0.0501807
0.0503681
0.0505555
0.0506805
0.0506187
0.0506815
0.0503705
0.0506202
0.0499977
0.0492507
0.0488774
0.0487532
0.0493766
0.0487542
0.0482563
0.0482567
0.048631
0.0490675
0.0498778
0.050252
0.0508754
0.0510004
0.0509386
0.0510013
0.0513132
0.0513136
0.0513141
0.0513145
0.051315
0.0513154
0.0513158
0.0513162
0.0501954
0.048763
0.0481405
0.0480163
0.0481413
0.0483286
0.0482667
0.049077
0.0493889
0.049763
0.0498257
0.0496392
0.0498888
0.0499515
0.0499519
0.0500146
0.0499527
0.0500776
0.050701
0.0508882
0.0505148
0.0504529
0.0509516
0.0504537
0.0492704
0.0479003
0.0471532
0.0467175
0.046531
0.0465313
0.0466563
0.0468435
0.0471553
0.0477163
0.0483396
0.0485891
0.0487141
0.0487767
0.0487147
0.0486528
0.0486531
0.0486534
0.0488407
0.0496508
0.0500249
0.0507727
0.0507108
0.0500881
0.049777
0.0493412
0.0489055
0.0486566
0.0486569
0.0482835
0.0482838
0.0483464
0.048845
0.0497174
0.0503407
0.0508393
0.0511511
0.0513382
0.0513385
0.0513388
0.0513391
0.0513394
0.0513396
0.0513399
0.0513402
0.0513405
0.0513407
0.051341
0.0513412
0.0494104
0.0482271
0.0477913
0.0473555
0.047418
0.0471691
0.0475431
0.0480417
0.0486649
0.0489143
0.0488522
0.048541
0.0484166
0.0483546
0.0484171
0.0482927
0.0485421
0.0488538
0.0486671
0.048169
0.0476086
0.0476088
0.0472975
0.0464879
0.0461766
0.0454916
0.0454295
0.0454297
0.0465512
0.0468006
0.0463647
0.0467387
0.0473618
0.0484833
0.048608
0.0482345
0.0472379
0.0472381
0.0473629
0.0482975
0.0484222
0.0486093
0.0489209
0.0492325
0.0494819
0.0494197
0.0499182
0.0493577
0.0484235
0.0476761
0.0473025
0.0472403
0.0474897
0.0495455
0.0512276
0.0504802
0.0502311
0.0501067
0.0504806
0.050543
0.0501693
0.0502941
0.0505434
0.0507304
0.0509796
0.0511043
0.0509799
0.0507931
0.0509178
0.050731
0.0497967
0.0489247
0.0481773
0.0478036
0.0467447
0.0463087
0.0468694
0.0488006
0.0489253
0.0502336
0.0501091
0.0502337
0.0507321
0.0508568
0.0511061
0.0513553
0.0507947
0.0511685
0.0513555
0.0510441
0.0511687
0.0513557
0.0513557
0.0513558
0.0510443
0.0502346
0.0495494
0.0491756
0.0482413
0.0480544
0.0483036
0.048366
0.0491135
0.0493004
0.0494873
0.0495496
0.0494874
0.0498612
0.0499235
0.0501104
0.0499858
0.0501104
0.050235
0.0504219
0.0509202
0.0513563
0.0509202
0.050671
0.0505464
0.0504218
0.0496743
0.0489268
0.0482415
0.0477431
0.0473693
0.0474939
0.0474939
0.0478676
0.0487397
0.0501101
0.0505462
0.0511068
0.0513559
0.0513559
0.0513558
0.0513558
0.0513557
0.0513557
0.0513556
0.0511687
0.0508572
0.0504833
0.0497358
0.0489882
0.0483029
0.0476799
0.0472437
0.0468699
0.0466829
0.0466829
0.0468074
0.0473056
0.0483645
0.0494235
0.0504824
0.0510429
0.0513543
0.0513542
0.0513541
0.051354
0.0513539
0.0513538
0.0513537
0.0513536
0.0513535
0.0511042
0.0501697
0.0489237
0.0479268
0.0464317
0.0449988
0.0442511
0.0438149
0.0435656
0.0438147
0.0443752
0.0459947
0.047365
0.0480501
0.0484237
0.0499186
0.0507906
0.0512265
0.0513509
0.0511016
0.0511637
0.0513505
0.0513503
0.0513501
0.0498549
0.0479859
0.0466776
0.0449332
0.043251
0.0432509
0.0432507
0.0432505
0.0432503
0.0432501
0.0432499
0.0443087
0.0462397
0.0473608
0.0481081
0.047921
0.0483569
0.0494156
0.0490417
0.0484185
0.0479823
0.0478574
0.0478572
0.0479193
0.0478568
0.047732
0.0476695
0.0475446
0.0474198
0.0466721
0.045862
0.0457372
0.0455501
0.0454252
0.0459233
0.0470444
0.0483523
0.0489127
0.0495977
0.0495974
0.049784
0.0493477
0.0495966
0.0499078
0.0493469
0.048786
0.0484743
0.0480379
0.0476016
0.0474767
0.0473519
0.0471647
0.0471021
0.0467281
0.0457934
0.0452947
0.0451076
0.0452319
0.0457299
0.0470378
0.0485325
0.0491552
0.050027
0.0507742
0.0511476
0.0510227
0.0513339
0.0513336
0.0513333
0.0513329
0.0513326
0.0513323
0.051332
0.0513316
0.0509575
0.0497113
0.0485274
0.0479664
0.0474677
0.046969
0.0467195
0.0467814
0.0472171
0.0484626
0.0499573
0.0504553
0.0509533
0.0513267
0.0513264
0.051326
0.0513256
0.0513253
0.0513249
0.0513245
0.0513241
0.0513237
0.0513234
0.051323
0.050139
0.0488927
0.0475842
0.0465248
0.0456523
0.0452158
0.0452777
0.0453396
0.0456506
0.0469584
0.0486399
0.0497608
0.0502587
0.0507567
0.0511923
0.0513165
0.0502571
0.0501943
0.05063
0.050941
0.0513143
0.0513139
0.0513135
0.0509393
0.0502536
0.0492564
0.0483216
0.0482588
0.0481338
0.0478842
0.0475099
0.0476964
0.0483189
0.0485053
0.0486917
0.0489404
0.0488776
0.049064
0.0494373
0.0499975
0.0502462
0.050931
0.0511797
0.0512415
0.0513033
0.0513028
0.0513023
0.0513018
0.0503669
0.0493697
0.0491823
0.0484343
0.0483092
0.0485578
0.0488688
0.0496158
0.0503005
0.0504869
0.0505487
0.0506728
0.0506099
0.0504225
0.0502974
0.0502969
0.0502964
0.0501712
0.0501084
0.0501079
0.0501073
0.0500445
0.0501685
0.0501057
0.0496691
0.0491702
0.0487336
0.0488576
0.0485456
0.0482958
0.048233
0.0484193
0.0484187
0.048605
0.0487291
0.0489777
0.0490394
0.049288
0.0500349
0.0509687
0.0512796
0.051279
0.0512785
0.0512779
0.0512773
0.0512767
0.0512761
0.0512755
0.0499044
0.0489071
0.0479098
0.0470371
0.0462889
0.0457899
0.0453533
0.0454772
0.0456635
0.0464104
0.0480294
0.0484026
0.0482773
0.0490865
0.0494597
0.0497082
0.0507666
0.0512643
0.0512636
0.051263
0.0512623
0.0512617
0.051261
0.050326
0.047709
0.0462756
0.0449667
0.0439071
0.0431589
0.0431582
0.0431575
0.0431569
0.0431562
0.044526
0.0461449
0.0473901
0.0479501
0.0485101
0.0490077
0.04963
0.0500031
0.0503138
0.0508115
0.0509977
0.0512462
0.0512454
0.0511824
0.0496867
0.0473188
0.0458853
0.0445142
0.0433921
0.0431422
0.0431415
0.0431408
0.0431401
0.0440115
0.0455681
0.0471247
0.0476846
0.0478085
0.0479323
0.0480562
0.0483046
0.0483662
0.0486146
0.0487384
0.0489246
0.0490484
0.0491722
0.0491715
0.0491707
0.0491699
0.0491069
0.0489192
0.0487939
0.0484816
0.0483563
0.0482932
0.0482924
0.0482917
0.0484155
0.0484147
0.0484762
0.0485377
0.0485992
0.0485984
0.0486599
0.0487837
0.0489698
0.0490313
0.0490928
0.049092
0.049278
0.0492772
0.0491518
0.0489018
0.0487764
0.0484641
0.0480273
0.0478396
0.047901
0.0478379
0.0478994
0.0482723
0.0486452
0.048769
0.0491419
0.0496394
0.0501369
0.0500738
0.0500729
0.0501344
0.0501958
0.0502573
0.0501941
0.0502556
0.0502547
0.0501915
0.0500038
0.0495046
0.048507
0.0480701
0.0476954
0.0482552
0.0484412
0.0486272
0.0484394
0.0485009
0.0488737
0.049122
0.0492457
0.0491825
0.0491816
0.0493676
0.049429
0.0494281
0.0494272
0.0494886
0.0496123
0.049736
0.0499219
0.0500456
0.0499201
0.0499192
0.0496068
0.0496059
0.0495426
0.049168
0.0484818
0.0479202
0.0477947
0.0481052
0.0489764
0.0502836
0.0506565
0.0511539
0.0511529
0.051152
0.051151
0.0511501
0.0511491
0.0511481
0.0511472
0.0511462
0.0511453
0.0511443
0.0510187
0.0494604
0.0474037
0.0467798
0.0460936
0.0458435
0.0457179
0.0457169
0.0457782
0.0458395
0.04615
0.0476441
0.0485775
0.0495732
0.0501951
0.0502564
0.0493833
0.0492577
0.0493813
0.0494426
0.0496285
0.0496274
0.049751
0.0502483
0.0494998
0.0483152
0.0475043
0.0465689
0.0463187
0.0464423
0.0461921
0.045755
0.0457539
0.0461266
0.046624
0.0473081
0.0477432
0.0480536
0.0481771
0.0487367
0.0486111
0.0486723
0.0487335
0.0491062
0.0491675
0.0492287
0.0492276
0.0492266
0.0492878
0.0491621
0.0490365
0.0489731
0.0487851
0.0484726
0.04816
0.0482212
0.0482824
0.0484059
0.048654
0.0487775
0.0488387
0.0488999
0.0488988
0.0488977
0.0489589
0.049207
0.0493927
0.0494539
0.0495151
0.0495763
0.049762
0.0496986
0.0491992
0.048762
0.0481379
0.0472024
0.0466406
0.0464526
0.0468875
0.0482568
0.0488786
0.0489398
0.0486895
0.0486883
0.0487495
0.0484991
0.0481242
0.0479362
0.0478727
0.0481208
0.0485557
0.0488037
0.0493009
0.049362
0.0492362
0.0490482
0.048611
0.048236
0.0477365
0.0474238
0.0467997
0.0466117
0.0464236
0.0462355
0.0462966
0.0466069
0.0471041
0.0476635
0.0483475
0.0492185
0.0493418
0.0494652
0.0495263
0.0496497
0.050396
0.0510177
0.0510165
0.0510153
0.0508895
0.0493309
0.0476478
0.0459646
0.045029
0.0449032
0.0454003
0.0463957
0.0465814
0.046331
0.0458314
0.0454564
0.0453928
0.0455162
0.0454526
0.0450153
0.0450764
0.0451374
0.0451362
0.0451349
0.0453205
0.0454439
0.0455672
0.0456282
0.0457515
0.0459994
0.0463096
0.0464952
0.0462448
0.045932
0.0456816
0.0453688
0.0450561
0.0454908
0.0452404
0.0449899
0.0454247
0.0461086
0.0467925
0.0464798
0.0467277
0.0469755
0.0471611
0.047409
0.0474077
0.0476555
0.0477788
0.0481512
0.0482745
0.0478371
0.0473998
0.0468378
0.0465873
0.0478941
0.0469584
0.0463964
0.0463328
0.0460823
0.0466416
0.0468894
0.047511
0.0481326
0.0483804
0.0480053
0.0478794
0.0481895
0.0474406
0.0462557
0.0453822
0.0454431
0.0454418
0.0458765
0.0461866
0.0461229
0.0462461
0.0464316
0.0449352
0.0450584
0.04568
0.0461769
0.0446805
0.0446791
0.0454875
0.0460468
0.0470421
0.0490341
0.0492196
0.0487822
0.0489676
0.0490908
0.0488403
0.0487766
0.0488997
0.0491475
0.0491461
0.0494561
0.0495793
0.0492664
0.048829
0.0483292
0.0481409
0.0478903
0.0494462
0.0481366
0.0475745
0.0465764
0.0465126
0.0471964
0.0475065
0.047505
0.0476282
0.0479382
0.0479367
0.0483714
0.0490551
0.0487422
0.0486162
0.0486147
0.0488001
0.0487987
0.0487972
0.0490449
0.0492926
0.0491043
0.0483553
0.0482292
0.0471064
0.0470427
0.0466674
0.0468528
0.0471005
0.0473482
0.0481565
0.0489026
0.0493994
0.0499586
0.0508292
0.0505162
0.0508262
0.0508247
0.0508232
0.0508217
0.0508202
0.0508187
0.0508172
0.0508157
0.0500666
0.04857
0.0478833
0.0473211
0.0466344
0.0462591
0.0458215
0.0458822
0.0463791
0.0463775
0.0466252
0.047122
0.0474319
0.0476796
0.0478026
0.0479256
0.0481733
0.0484209
0.0485439
0.0484801
0.0484162
0.048913
0.0493475
0.0498443
0.0499673
0.0499658
0.0499019
0.0493397
0.0482168
0.0469071
0.0467809
0.0466548
0.0466532
0.0473991
0.0476467
0.0483304
0.0494501
0.0501337
0.0507551
0.0507535
0.0507519
0.0507503
0.0507487
0.0507471
0.0507455
0.0507439
0.0507423
0.0507407
0.0503653
0.0492424
0.0479949
0.0471212
0.0468081
0.0461835
0.0459327
0.0456819
0.0458672
0.0460524
0.046736
0.0482295
0.0494737
0.0501573
0.0505294
0.0507147
0.0505884
0.0507114
0.0507097
0.0507081
0.0507064
0.0507048
0.0507031
0.049954
0.0494539
0.0488294
0.0485162
0.0484523
0.0479522
0.0475145
0.0472014
0.0469505
0.0468866
0.0468226
0.0471324
0.0484389
0.0495585
0.0503044
0.0506764
0.0506747
0.0506731
0.0506714
0.0506697
0.050668
0.0506663
0.0506646
0.0506629
0.0506612
0.0494136
0.0469201
0.0454857
0.0447987
0.044361
0.0442347
0.0440461
0.0439821
0.0439803
0.0443524
0.0449113
0.0462801
0.0474619
0.0483323
0.0490781
0.0494501
0.0498222
0.0501942
0.0501925
0.0503776
0.050625
0.0506233
0.0506216
0.0503083
0.0486247
0.0476885
0.0474999
0.0473112
0.0469357
0.0466225
0.0461847
0.0456845
0.0449976
0.0448712
0.0454301
0.0467365
0.0479183
0.0486018
0.0492229
0.0494703
0.0498423
0.0498405
0.0500879
0.0502107
0.0491499
0.0484006
0.0477759
0.0467774
0.0456543
0.0442821
0.0429098
0.0424719
0.0424701
0.0424683
0.0424665
0.0424647
0.0424629
0.0424611
0.0424593
0.0434542
0.0448851
0.0458177
0.0464388
0.04706
0.0473696
0.0478661
0.0483004
0.04861
0.0488574
0.049167
0.0491652
0.0481666
0.0451124
0.0429303
0.0424301
0.0424282
0.0424264
0.0424245
0.0424227
0.0424208
0.042419
0.0424171
0.0424153
0.0424134
0.0425984
0.0435933
0.0440275
0.044524
0.0438992
0.0439596
0.0433348
0.0435198
0.0438294
0.0440144
0.0440125
0.0430762
0.0427006
0.0423872
0.0427591
0.0430064
0.0423816
0.042878
0.0426892
0.0427496
0.0429969
0.0430573
0.0449865
0.0466043
0.0466647
0.0470988
0.0480313
0.0485278
0.0489619
0.0493338
0.0495187
0.0495791
0.0497641
0.0496376
0.0491373
0.0477026
0.0463925
0.0448955
0.0440215
0.0432097
0.0424603
0.0423338
0.0423318
0.0423299
0.0423279
0.042326
0.0423241
0.0429451
0.0435038
0.0438133
0.0441228
0.0439963
0.0434337
0.0442415
0.0449248
0.0452343
0.0456684
0.0462271
0.047035
0.047033
0.046595
0.0457209
0.0452829
0.0446579
0.0441576
0.0437196
0.0435307
0.0435287
0.0434645
0.0437117
0.044208
0.045265
0.0466335
0.0475036
0.0478754
0.0482472
0.0485567
0.0488661
0.0488641
0.0486753
0.0484241
0.0481106
0.0477348
0.0463624
0.0436817
0.0422469
0.0422449
0.0422429
0.0422409
0.0422389
0.0422369
0.0422348
0.0422328
0.0422308
0.0422288
0.0422267
0.0422247
0.0422227
0.0428436
0.0439005
0.0448329
0.0452669
0.0456387
0.0460727
0.0465067
0.0466915
0.0467518
0.044694
0.0422002
0.0421981
0.0421961
0.042194
0.042192
0.0421899
0.0421879
0.0421858
0.0421837
0.0421817
0.0421796
0.0421775
0.0421755
0.0424849
0.0436664
0.0442872
0.044472
0.0454044
0.0461498
0.0468953
0.0473915
0.0479501
0.0475119
0.0463263
0.0449537
0.0439549
0.0429561
0.0422065
0.0421421
0.04214
0.0421379
0.0421358
0.0421337
0.0421316
0.0423786
0.0431863
0.0437449
0.0441165
0.0445505
0.0451713
0.0457298
0.0464129
0.0465977
0.046907
0.0471541
0.047152
0.0471498
0.0467739
0.0462735
0.0452746
0.0442758
0.0438999
0.0432748
0.0431481
0.0432705
0.0435798
0.04364
0.0438247
0.0443832
0.045627
0.0468707
0.04718
0.0476139
0.0480478
0.0484194
0.0488533
0.0495364
0.049908
0.050155
0.0501528
0.0501507
0.0485911
0.0464087
0.0454721
0.0443486
0.0437858
0.0432853
0.0430339
0.0427203
0.0425935
0.042529
0.0428383
0.0435836
0.0450142
0.0465071
0.0471901
0.0476863
0.0480578
0.0490523
0.0491124
0.0493594
0.0496064
0.0501025
0.0501003
0.0500981
0.0489746
0.0477265
0.0464784
0.0452303
0.0441068
0.0429833
0.0422959
0.0419822
0.04198
0.0419777
0.0419755
0.0427831
0.0440891
0.0454573
0.0465141
0.0463249
0.0465719
0.047068
0.0479379
0.0486832
0.0492416
0.0497377
0.0499223
0.0497955
0.0479244
0.0449944
0.0429987
0.0419374
0.0419352
0.0419329
0.0419307
0.0419284
0.0419262
0.0419239
0.0419216
0.0419194
0.04254
0.0440328
0.0450273
0.0457725
0.0458325
0.0455188
0.0460772
0.0468224
0.0476923
0.048126
0.0487467
0.0486821
0.0468733
0.0450022
0.0431934
0.0418829
0.0418806
0.0418783
0.041876
0.0418737
0.0418714
0.0418691
0.0418668
0.0418645
0.0418622
0.0434796
0.044474
0.0454061
0.0461513
0.047208
0.0478909
0.0485115
0.0490076
0.0492544
0.0490029
0.0486268
0.0481885
0.0480615
0.0468133
0.0459389
0.0449399
0.0440654
0.0431287
0.0422542
0.0418158
0.0418135
0.0418735
0.0425564
0.0439245
0.0453549
0.0459132
0.04616
0.0467806
0.0473389
0.0477103
0.0483309
0.0488269
0.0494475
0.0497566
0.0495051
0.0481323
0.0460742
0.0442653
0.043204
0.0424541
0.0417665
0.0417641
0.0417617
0.0417594
0.041757
0.0417546
0.0418145
0.0432449
0.0444261
0.045109
0.0457918
0.0466616
0.0471575
0.0474666
0.0477757
0.0482717
0.0485184
0.0487029
0.0482645
0.0463933
0.043027
0.0417164
0.041714
0.0417116
0.0417092
0.0417068
0.0417044
0.041702
0.0416996
0.0416972
0.0416948
0.0416924
0.04169
0.041999
0.041872
0.0423057
0.0426147
0.0426746
0.0426099
0.043355
0.0434148
0.0434124
0.0437214
0.0440928
0.0439035
0.0430912
0.0421544
0.0422765
0.042897
0.0426454
0.0417086
0.0416438
0.0417037
0.0416389
0.0416365
0.0420701
0.0430021
0.0439963
0.0446168
0.0445521
0.0441759
0.0437996
0.0439841
0.0441685
0.0442283
0.0441013
0.0437873
0.0433488
0.0424742
0.0418488
0.0415972
0.0415947
0.0415922
0.0419635
0.0415873
0.0415848
0.0415823
0.0427012
0.0426364
0.0429454
0.0431298
0.0433142
0.0434363
0.0436207
0.0436805
0.0439895
0.0442361
0.0446697
0.0451656
0.0456614
0.0460327
0.0463417
0.0464638
0.0462744
0.0458358
0.0455218
0.0453325
0.0448316
0.045016
0.0448889
0.0446372
0.044697
0.0448191
0.045751
0.0466828
0.0471164
0.0467401
0.0470491
0.0477941
0.0484768
0.0489726
0.0492193
0.0495905
0.049588
0.0495854
0.0479633
0.045905
0.0446566
0.0439689
0.0435303
0.0436523
0.0441481
0.0430866
0.0432709
0.0429569
0.0432658
0.04426
0.0452542
0.0466844
0.0477408
0.0484235
0.0491062
0.0492282
0.0495371
0.0495346
0.049532
0.0495295
0.0495269
0.0484654
0.0469054
0.0454701
0.0435364
0.0427241
0.0425969
0.0421583
0.0422803
0.04234
0.0422129
0.0422103
0.04227
0.0425789
0.0431993
0.0446294
0.0453744
0.0459947
0.0460545
0.0457404
0.0454263
0.0455483
0.0456703
0.0459169
0.0460389
0.0459118
0.0448502
0.0443492
0.0439729
0.0442194
0.0439677
0.0443388
0.0450837
0.0449566
0.044954
0.0448268
0.0447619
0.045756
0.0462517
0.0466229
0.046558
0.0470537
0.0476117
0.0481698
0.0484163
0.0487252
0.0487848
0.0487199
0.0487173
0.0480917
0.0472793
0.0463423
0.0454675
0.0447797
0.0440918
0.0433416
0.0432767
0.042838
0.0426485
0.0425213
0.0425809
0.043139
0.0444445
0.0459369
0.0466818
0.0467414
0.0468634
0.0469853
0.0472942
0.0477276
0.0484102
0.0490304
0.0488409
0.0478416
0.0466553
0.045033
0.0435353
0.0424736
0.0417858
0.0414716
0.0414067
0.0412171
0.0412145
0.0412118
0.0414583
0.0417048
0.0420136
0.0423847
0.0429427
0.0436253
0.0436849
0.0435576
0.0436172
0.0437391
0.0438611
0.0439207
0.0438557
0.0434793
0.0428536
0.0421034
0.0411663
0.0411636
0.0411609
0.0411583
0.0411556
0.0411529
0.0411502
0.0411475
0.0411448
0.0411421
0.0411394
0.0414482
0.0415701
0.0420657
0.0423122
0.0423095
0.0423691
0.0426156
0.0427997
0.0427347
0.0425451
0.042231
0.0416676
0.0411042
0.0411015
0.0410988
0.0410961
0.0410934
0.0410907
0.041088
0.0410852
0.0410825
0.0410798
0.0410771
0.0410743
0.0410716
0.0411935
0.0413153
0.0410634
0.0410607
0.041058
0.0410552
0.0410525
0.0410498
0.041047
0.0410443
0.0410416
0.0410388
0.0410361
0.0410333
0.0410306
0.0410279
0.0410251
0.0410224
0.0410196
0.0410169
0.0410141
0.0410114
0.0411955
0.0424386
0.0430588
0.0434298
0.0435517
0.0441096
0.0444183
0.0445401
0.0443505
0.0447215
0.0446564
0.0437815
0.0429066
0.0420941
0.0411569
0.0409672
0.0409645
0.0409617
0.0409589
0.0409561
0.0426976
0.0420719
0.0414462
0.0411319
0.0416275
0.0426837
0.0433039
0.0434257
0.0437967
0.0439808
0.0441026
0.0441621
0.0442216
0.0445303
0.0447767
0.0444624
0.0437744
0.0430864
0.042336
0.0420841
0.0414583
0.0408949
0.0408921
0.0408893
0.0408865
0.0408837
0.0408809
0.0408781
0.0417474
0.0428659
0.0436729
0.0442308
0.0444771
0.0444743
0.0447207
0.0447802
0.0446528
0.0447123
0.0445849
0.0440837
0.0432088
0.0418978
0.0411474
0.0408331
0.0408303
0.0408275
0.0408247
0.0408219
0.040819
0.0408162
0.0408134
0.0408106
0.0408077
0.0414278
0.0421725
0.0422943
0.0422915
0.0419149
0.0419743
0.0423453
0.0420932
0.041156
0.0410286
0.0407766
0.0407737
0.0407709
0.040768
0.0407652
0.0407624
0.0407595
0.0407567
0.0407538
0.040751
0.041994
0.0411813
0.0413031
0.0414871
0.0417334
0.0415437
0.0418523
0.0422855
0.0425318
0.0429027
0.0432737
0.0432085
0.043704
0.043888
0.0435114
0.0426364
0.0419483
0.0411979
0.0408213
0.0406938
0.040691
0.0406881
0.0406852
0.0406824
0.0406795
0.0406766
0.0406738
0.0406709
0.0412287
0.041911
0.0408491
0.0416561
0.0420893
0.0427093
0.0429556
0.0423298
0.04214
0.0420126
0.0415113
0.0408855
0.0406334
0.0406306
0.0406277
0.0406248
0.0406219
0.040619
0.0406161
0.0406132
0.0406103
0.0406074
0.0406045
0.0406016
0.0405987
0.0405958
0.0405929
0.04059
0.0405872
0.0405842
0.0407059
0.040703
0.040887
0.0405726
0.0405697
0.0405668
0.0405639
0.040561
0.0405581
0.0405552
0.0405523
0.0405494
0.0405465
0.0405435
0.0405406
0.0405377
0.0405348
0.0405319
0.0411519
0.0420834
0.0430149
0.0441333
0.0448779
0.0454979
0.0457441
0.0459281
0.0458629
0.04586
0.0450472
0.0432378
0.0411168
0.040491
0.040488
0.0404851
0.0404822
0.0404792
0.0404763
0.0404734
0.0404704
0.0404675
0.0404646
0.0404616
0.0410193
0.0416393
0.0424462
0.0437515
0.0446206
0.0452406
0.0456738
0.0461069
0.0466023
0.046537
0.0455374
0.0443509
0.0433512
0.0423516
0.0416011
0.0409129
0.0404116
0.0404086
0.0404057
0.0404027
0.0403998
0.0403968
0.0420758
0.042945
0.0430666
0.0431259
0.0429361
0.0430577
0.0431794
0.0433633
0.0437341
0.0437934
0.0438527
0.0439121
0.0440337
0.0441553
0.0437786
0.0429658
0.0417792
0.040655
0.0403405
0.0403376
0.0403346
0.0403316
0.0403287
0.0403257
0.0403227
0.0415033
0.0429331
0.0439891
0.0445468
0.0449799
0.0455376
0.0455969
0.0459054
0.0463384
0.0465846
0.0462702
0.0452705
0.0437102
0.0430842
0.0426452
0.0421439
0.0413933
0.0414526
0.0416365
0.0416958
0.041506
0.041503
0.0415623
0.0418085
0.0420547
0.0424877
0.0430454
0.0439145
0.0445967
0.0452167
0.0459612
0.0462697
0.0461421
0.0458276
0.0454509
0.0447003
0.0435138
0.041455
0.0405176
0.0403278
0.0402002
0.0401972
0.0401942
0.0401911
0.0401881
0.0401851
0.0401821
0.0401791
0.0403007
0.041855
0.0427864
0.043531
0.0438394
0.0438364
0.0443317
0.0449517
0.0452601
0.0452571
0.0450049
0.0444413
0.042258
0.0409468
0.0401339
0.0401309
0.0401279
0.0401249
0.0401218
0.0401188
0.0401158
0.0401128
0.0401098
0.0401067
0.0401037
0.0403499
0.0424648
0.0428356
0.0430194
0.0434524
0.0436986
0.0441939
0.0441909
0.0441256
0.044434
0.0439326
0.0433689
0.0428053
0.0423039
0.0416779
0.0411765
0.0407374
0.0405475
0.0417903
0.0422857
0.0410367
0.0413452
0.0424011
0.0425227
0.0429557
0.0435756
0.043884
0.0440679
0.0443763
0.0446847
0.0449309
0.0452393
0.0459838
0.0457938
0.0448564
0.0434829
0.0426077
0.0423555
0.0419164
0.041415
0.0417857
0.0426548
0.0430255
0.0423372
0.0413997
0.0413967
0.0432624
0.0436954
0.0441284
0.0450598
0.0456797
0.0461127
0.0463588
0.0468541
0.0470379
0.0470972
0.0470941
0.0469042
0.0459044
0.0445932
0.0435311
0.0418461
0.0409709
0.040158
0.0399058
0.0399027
0.0398997
0.0398966
0.0398936
0.0398905
0.0403858
0.0408188
0.0412518
0.0416225
0.0426161
0.0436097
0.0440427
0.0439773
0.0439743
0.0440335
0.044155
0.0439028
0.0432768
0.0420278
0.0408411
0.0398414
0.0398383
0.0398352
0.0398321
0.0398291
0.039826
0.0398229
0.0398198
0.0398168
0.0398137
0.0398106
0.0402436
0.0408011
0.041421
0.041854
0.0421624
0.0427822
0.0434021
0.0439597
0.0437074
0.0430191
0.0424553
0.0416424
0.0407049
0.0397675
0.0397644
0.0397613
0.0397582
0.0397551
0.039752
0.0397489
0.0397458
0.0397428
0.0398643
0.0401726
0.040481
0.0406648
0.0409109
0.0413439
0.0417145
0.0417737
0.0422067
0.0424528
0.0426366
0.0425712
0.0424435
0.0420043
0.0409422
0.0398801
0.0396902
0.0396871
0.039684
0.0396809
0.0396778
0.0396747
0.0396716
0.0396685
0.0396654
0.0396623
0.0400329
0.0414003
0.0420202
0.0425154
0.0431975
0.0435682
0.0435028
0.0433128
0.0429359
0.042746
0.0423068
0.0421168
0.0419891
0.0416745
0.0410485
0.0402356
0.0401079
0.0401048
0.0397902
0.0396002
0.0395971
0.039594
0.0399023
0.0403353
0.0408928
0.0416372
0.0419456
0.0421917
0.0425
0.0426838
0.0429921
0.0433628
0.0434843
0.0435435
0.0431043
0.0425405
0.0417899
0.0411638
0.0409738
0.0406592
0.0406561
0.0405284
0.0405253
0.0397747
0.0397092
0.039893
0.0400768
0.0408212
0.0418771
0.0429952
0.0434905
0.0434873
0.0434842
0.0434811
0.0436649
0.0437863
0.0437832
0.0435309
0.0429672
0.0417804
0.0410921
0.0407152
0.040276
0.0398368
0.0394599
0.0394568
0.0394537
0.0394506
0.0394475
0.0394443
0.0394412
0.0394381
0.0397464
0.0406154
0.0415467
0.0420419
0.0420388
0.0417242
0.0415965
0.0414065
0.0410296
0.0402166
0.0400889
0.0397743
0.0393974
0.0393943
0.0393911
0.039388
0.0393849
0.0393818
0.0393786
0.0393755
0.0393724
0.0393692
0.0397399
0.0402351
0.040668
0.0412878
0.0418453
0.0424028
0.0425866
0.042708
0.0430787
0.0429509
0.0427609
0.043007
0.0423186
0.0413188
0.0404435
0.0400666
0.0396274
0.0393128
0.0393097
0.0393065
0.0393034
0.0393003
0.0392971
0.039294
0.0392908
0.0396615
0.040219
0.0427699
0.0432651
0.043262
0.0431965
0.0430688
0.043128
0.0431248
0.0433086
0.0433677
0.0431154
0.0426762
0.0413026
0.0408011
0.0402373
0.0392375
0.0392343
0.0419098
0.0418444
0.0412183
0.0413398
0.0405891
0.0408974
0.0410811
0.0420747
0.0426945
0.0435635
0.043498
0.0435572
0.0438032
0.0438624
0.0434232
0.0427971
0.0423579
0.0415449
0.0402959
0.0391715
0.0391683
0.0391652
0.039162
0.0391589
0.0391557
0.0391526
0.0391494
0.0391463
0.0391431
0.03914
0.0391368
0.0391337
0.0391305
0.0391274
0.0397472
0.0406785
0.0410491
0.0420426
0.0428493
0.0428462
0.042843
0.0422169
0.0415908
0.0410893
0.0404632
0.0400863
0.0393979
0.0390833
0.0390802
0.039077
0.0390739
0.0390707
0.0390676
0.0390644
0.039435
0.0399925
0.0406746
0.0413567
0.0412913
0.0412881
0.0409735
0.0410949
0.0410295
0.0401542
0.0404002
0.0403971
0.0399579
0.0390203
0.0390172
0.039014
0.0390109
0.0390077
0.0390046
0.0390014
0.0389983
0.0389951
0.038992
0.0389888
0.0389856
0.0389825
0.0389793
0.0389762
0.038973
0.0389699
0.0389667
0.0389636
0.0389604
0.0389573
0.0403246
0.04001
0.0396331
0.0391938
0.0389415
0.0389384
0.0389352
0.0389321
0.0389289
0.0389258
0.0389226
0.0389194
0.0389163
0.0389131
0.03891
0.0389068
0.039402
0.0405202
0.0412023
0.0418843
0.0422549
0.0427501
0.0431208
0.0434914
0.0434259
0.0426129
0.0408656
0.038869
0.0388658
0.0388627
0.0388595
0.0388564
0.0388532
0.0388501
0.0388469
0.0388438
0.0388406
0.0388375
0.0388343
0.0388312
0.038828
0.0388248
0.0388217
0.0388185
0.0388154
0.0388122
0.0388091
0.0388059
0.0388028
0.0387996
0.0387965
0.0387933
0.0387902
0.038787
0.0387839
0.0387807
0.0387776
0.0387744
0.0387712
0.0387681
0.0387649
0.0387618
0.0387586
0.0387555
0.0387523
0.0387492
0.038746
0.0387429
0.0387397
0.0387366
0.0387334
0.0387303
0.0387271
0.038724
0.0387208
0.0387177
0.0387145
0.0387114
0.0387082
0.0387051
0.0387019
0.0386988
0.0386956
0.0386925
0.0386893
0.0386862
0.038683
0.0386798
0.0395488
0.0403555
0.0410376
0.0415951
0.0423394
0.0429592
0.0434544
0.0436382
0.0432613
0.0424483
0.0411993
0.0390158
0.0386389
0.0386358
0.0386326
0.0386295
0.0386263
0.0386232
0.03862
0.0386169
0.0386137
0.0386106
0.0386074
0.0386043
0.0389126
0.0397193
0.0402145
0.0408966
0.0417655
0.0423853
0.0430051
0.0433134
0.043248
0.041999
0.0408745
0.0398747
0.0389994
0.0385602
0.0385571
0.0385539
0.0385508
0.0385476
0.0385445
0.0385413
0.0385382
0.038535
0.0385319
0.0385288
0.0393354
0.0401421
0.0408242
0.0410702
0.0413163
0.0417492
0.0421821
0.0431757
0.0426742
0.0418612
0.0410482
0.0403599
0.0392354
0.0390454
0.0385439
0.0384785
0.0384753
0.0384722
0.0384691
0.0384659
0.0384628
0.0384596
0.0385811
0.0393878
0.0396338
0.0399421
0.0404996
0.0407457
0.0408048
0.0413
0.0418575
0.0414806
0.0414152
0.0407268
0.0396647
0.0384157
0.0384126
0.0384094
0.0384063
0.0384031
0.0384
0.0383969
0.0383937
0.0383906
0.0383875
0.0383843
0.0383812
0.0383781
0.0383749
0.0383718
0.0383687
0.0383655
0.0385493
0.038733
0.0390414
0.0392251
0.0395957
0.0389697
0.0383436
0.0383405
0.0383373
0.0383342
0.0383311
0.038328
0.0383248
0.0383217
0.0383186
0.0383154
0.0383123
0.0383092
0.038306
0.0383029
0.0382998
0.0382967
0.0382935
0.0382904
0.0382873
0.0382842
0.038281
0.0382779
0.0382748
0.0382717
0.0382685
0.0382654
0.0382623
0.0382592
0.038256
0.0382529
0.0382498
0.0382467
0.0382435
0.0382404
0.0382373
0.0382342
0.0382311
0.0382279
0.0382248
0.0382217
0.0382186
0.0382155
0.0382123
0.0382092
0.0382061
0.038203
0.0381999
0.0381968
0.0381936
0.0381905
0.0381874
0.0381843
0.0381812
0.0381781
0.0381749
0.0381718
0.0381687
0.0381656
0.0381625
0.0381594
0.0381563
0.0381532
0.03815
0.0381469
0.0390782
0.0396981
0.0403179
0.0407508
0.0410592
0.0410561
0.0409284
0.0398663
0.0384927
0.0381158
0.0381127
0.0381096
0.0381065
0.0381034
0.0381003
0.0380972
0.0380941
0.038091
0.0380879
0.0380848
0.0380817
0.0380786
0.0380755
0.0380724
0.0380693
0.0380662
0.0381254
0.0382468
0.038306
0.0385521
0.0387982
0.0388574
0.0391035
0.0394741
0.0393464
0.0390319
0.0381567
0.038029
0.0380259
0.0380228
0.0380197
0.0380166
0.0380135
0.0380104
0.0380073
0.0380042
0.039247
0.040116
0.0397392
0.0404213
0.0408543
0.0414741
0.0417202
0.0426515
0.0428353
0.0415864
0.0402751
0.0387147
0.0382132
0.0380856
0.0380202
0.0383286
0.0382009
0.0379486
0.0379455
0.0379425
0.0379394
0.0379363
0.0381201
0.0384908
0.0394221
0.0401666
0.0410356
0.0410948
0.0420261
0.0428329
0.0432659
0.0435742
0.0435089
0.0424468
0.0405126
0.0382669
0.0378901
0.037887
0.037884
0.0378809
0.0378778
0.0378747
0.0378717
0.0378686
0.0378655
0.0378625
0.0378594
0.0378563
0.0378532
0.0378502
0.0378471
0.037844
0.037841
0.0378379
0.0378348
0.0378318
0.0378287
0.0378256
0.0378226
0.0378195
0.0378164
0.0378134
0.0378103
0.0378073
0.0378042
0.0378011
0.0377981
0.037795
0.037792
0.0377889
0.0382842
0.0389041
0.0395863
0.0402684
0.0405769
0.0406984
0.0402593
0.0401316
0.0401909
0.0402501
0.0406208
0.0401817
0.0401164
0.0399264
0.0394873
0.0392351
0.0381731
0.037734
0.0384784
0.0377279
0.0377248
0.0379086
0.0379056
0.0383386
0.0385847
0.0388309
0.0392639
0.0395723
0.0397562
0.0397531
0.039937
0.0399962
0.0404292
0.0404262
0.0404232
0.0403578
0.0399187
0.0391059
0.0387914
0.0383523
0.0382247
0.0377233
0.0376579
0.0377795
0.0376519
0.0376488
0.0376458
0.037892
0.038325
0.038758
0.0390042
0.0392503
0.0397456
0.0397426
0.039615
0.0393005
0.0391106
0.0392322
0.0392914
0.0387901
0.0379149
0.0376004
0.0375974
0.0375944
0.0375914
0.0375884
0.0375853
0.0375823
0.0375793
0.0375763
0.0375733
0.0375703
0.0375672
0.0375642
0.0375612
0.0375582
0.0381781
0.038362
0.0386082
0.0389166
0.0388513
0.0389106
0.038783
0.0392161
0.0393377
0.0392101
0.0389579
0.0388303
0.0391388
0.0391981
0.0391951
0.0392543
0.0394382
0.0396221
0.0396814
0.0393046
0.0393639
0.0402954
0.0409153
0.0410992
0.0410962
0.0410309
0.0410902
0.0410249
0.0409596
0.0408943
0.0406422
0.0402654
0.039951
0.0393873
0.0386368
0.0381978
0.0374473
0.037818
0.0381888
0.0381858
0.0378714
0.0374323
0.0374294
0.0378624
0.0382955
0.0386663
0.0389748
0.0391587
0.0394049
0.0395265
0.0395858
0.0395828
0.0396422
0.0396392
0.0396362
0.0395087
0.0393811
0.0391912
0.0390014
0.0385001
0.0375627
0.0373728
0.0373699
0.0373669
0.037364
0.037361
0.037358
0.0373551
0.0373521
0.0373491
0.0383429
0.0389006
0.0391468
0.0392684
0.0394523
0.0393871
0.0393218
0.0394435
0.0393782
0.0386277
0.0373166
0.0373137
0.0373107
0.0373078
0.0373048
0.0373019
0.0372989
0.037296
0.037293
0.0372901
0.0372871
0.0372842
0.0372813
0.0372783
0.0372754
0.0372724
0.0372695
0.0375157
0.0375128
0.0376967
0.0381921
0.0382515
0.0376879
0.0372489
0.037246
0.0372431
0.0372401
0.0372372
0.0372343
0.0372313
0.0372284
0.0372255
0.0372226
0.0372196
0.0372167
0.0372138
0.0372109
0.0372079
0.037205
0.0372021
0.0371992
0.0371963
0.0371933
0.0371904
0.0371875
0.0371846
0.0371817
0.0371788
0.0371759
0.0371729
0.03717
0.0371671
0.0371642
0.0371613
0.0371584
0.0371555
0.0371526
0.0371497
0.0371468
0.0371439
0.037141
0.0371381
0.0371352
0.0380667
0.0385621
0.0391822
0.0396776
0.0401731
0.0404817
0.0407279
0.0404759
0.0394763
0.0375423
0.0371033
0.0371004
0.0370976
0.0370947
0.0370918
0.0370889
0.037086
0.0370831
0.0370802
0.0370774
0.0370745
0.0370716
0.0370687
0.0370658
0.037063
0.0370601
0.0370572
0.0370543
0.0370515
0.0370486
0.0370457
0.0370428
0.03704
0.0370371
0.0370342
0.0370314
0.0370285
0.0370256
0.0370228
0.0370199
0.037017
0.0370142
0.0370113
0.0370085
0.0370056
0.0370027
0.0369999
0.036997
0.0369942
0.0369913
0.0371753
0.0377331
0.0382909
0.0385996
0.0388459
0.0387184
0.0379058
0.0369685
0.0369657
0.0369628
0.03696
0.0369571
0.0369543
0.0369515
0.0369486
0.0369458
0.0369429
0.0369401
0.0369373
0.0369344
0.0369316
0.0369288
0.0369259
0.0369231
0.0369203
0.0369175
0.0369146
0.0369118
0.036909
0.0369062
0.0369033
0.0369005
0.0368977
0.0368949
0.036892
0.0368892
0.0368864
0.0368836
0.0368808
0.036878
0.0368751
0.0368723
0.0368695
0.0368667
0.0368639
0.0368611
0.0368583
0.0368555
0.0368527
0.0368499
0.0368471
0.0368443
0.0368415
0.0368387
0.0368359
0.0368331
0.0368303
0.0368275
0.0368247
0.0368219
0.0368191
0.0368163
0.0368135
0.0368107
0.0368079
0.0368051
0.0368024
0.0367996
0.0367968
0.036794
0.0367912
0.0367884
0.0367857
0.0367829
0.0367801
0.0367773
0.0367746
0.0367718
0.036769
0.0367662
0.0367635
0.0367607
0.0367579
0.0367552
0.0367524
0.0367496
0.0367469
0.0367441
0.0367413
0.0367386
0.0367358
0.036733
0.0367303
0.0367275
0.0367248
0.036722
0.0367193
0.0367165
0.0367138
0.036711
0.0367083
0.0367055
0.0367028
0.0367
0.0366973
0.0366945
0.0366918
0.036689
0.0366863
0.0366836
0.0366808
0.0366781
0.0366754
0.0366726
0.0366699
0.0366672
0.0366644
0.0366617
0.036659
0.0366562
0.0366535
0.0366508
0.0366481
0.0366453
0.0366426
0.0366399
0.0366372
0.0366344
0.0366317
0.036629
0.0366263
0.0366236
0.0366209
0.0366182
0.0366154
0.0366127
0.03661
0.0366073
0.0366046
0.0366019
0.0365992
0.0365965
0.0365938
0.0365911
0.0365884
0.0365857
0.036583
0.0369541
0.0376989
0.0377585
0.036946
0.0365695
0.0365668
0.0365642
0.0365615
0.0365588
0.0365561
0.0365534
0.0365507
0.036548
0.0365454
0.0365427
0.03654
0.0365373
0.0365347
0.036532
0.0365293
0.0365266
0.036524
0.0365213
0.0365186
0.036516
0.0365133
0.0365106
0.036508
0.0365053
0.0365026
0.0365
0.0364973
0.0364947
0.036492
0.0364893
0.0364867
0.036484
0.0364814
0.0364787
0.0364761
0.0364734
0.0364708
0.0364681
0.0364655
0.0364629
0.0370832
0.0372674
0.0375762
0.0376359
0.0376955
0.0375683
0.0373165
0.0365663
0.0364391
0.0364365
0.0364339
0.0364312
0.0364286
0.036426
0.0364234
0.0364207
0.0364181
0.0364155
0.0364129
0.0364103
0.0364076
0.036405
0.0364024
0.0363998
0.0363972
0.0363946
0.0370772
0.0375729
0.0378818
0.038253
0.0378766
0.0368773
0.0364386
0.0363737
0.0363711
0.0363685
0.0369889
0.0363633
0.0363608
0.0363582
0.0363556
0.036353
0.0363504
0.0363478
0.0369059
0.0380869
0.0392056
0.0398882
0.0405086
0.0410667
0.0414378
0.0416844
0.041931
0.0417416
0.0407423
0.038684
0.0366881
0.0363117
0.0363091
0.0363066
0.036304
0.0363015
0.0362989
0.0362963
0.0362938
0.0362912
0.0362887
0.0362861
0.0362835
0.036281
0.0362784
0.0362759
0.0362733
0.0362708
0.0362682
0.0362657
0.0362632
0.0362606
0.0362581
0.0362555
0.036253
0.0362505
0.0362479
0.0362454
0.0362428
0.0362403
0.0362378
0.0362353
0.0362327
0.0362302
0.0362277
0.0362252
0.0362226
0.0362201
0.0362176
0.0362151
0.0362126
0.0365838
0.0366436
0.0367034
0.0370123
0.0369475
0.0361975
0.036195
0.0361925
0.03619
0.0361875
0.036185
0.0361825
0.03618
0.0361775
0.036175
0.0361725
0.03617
0.0361675
0.036165
0.0361625
0.03616
0.0361575
0.036155
0.0361526
0.0361501
0.0361476
0.0361451
0.0361426
0.0361402
0.0361377
0.0361352
0.0361327
0.0361303
0.0361278
0.0361253
0.0361229
0.0361204
0.0361179
0.0361155
0.036113
0.0361105
0.0361081
0.0361056
0.0361032
0.0361007
0.0360983
0.0360958
0.0360934
0.0360909
0.0360885
0.036086
0.0360836
0.0360811
0.0360787
0.0360762
0.0360738
0.0360714
0.0360689
0.0360665
0.0360641
0.0360616
0.0360592
0.0360568
0.0360543
0.0360519
0.0360495
0.0360471
0.0360447
0.0360422
0.0360398
0.0360374
0.036035
0.0360326
0.0360302
0.0360277
0.0360253
0.0360229
0.0360205
0.0360181
0.0360157
0.0360133
0.0360109
0.0360085
0.0360061
0.0360037
0.0360013
0.0359989
0.0359965
0.0359941
0.0359917
0.0359894
0.035987
0.0359846
0.0359822
0.0359798
0.0359774
0.0359751
0.0359727
0.0359703
0.0359679
0.0359656
0.0359632
0.0359608
0.0359585
0.0359561
0.0359537
0.0359514
0.035949
0.0359466
0.0359443
0.0359419
0.0359396
0.0359372
0.0359348
0.0359325
0.0359301
0.0359278
0.0359254
0.0359231
0.0359208
0.0359184
0.0359161
0.0359137
0.0359114
0.0359091
0.0359067
0.0359044
0.0359021
0.0358997
0.0358974
0.0358951
0.0358927
0.0358904
0.0358881
0.0358858
0.0358835
0.0358811
0.0358788
0.0358765
0.0358742
0.0358719
0.0358696
0.0358673
0.0358649
0.0358626
0.0358603
0.035858
0.0358557
0.0358534
0.0358511
0.0358488
0.0358465
0.0358442
0.035842
0.0358397
0.0358374
0.0358351
0.0358328
0.0358305
0.0358282
0.0358259
0.0358237
0.0358214
0.0358191
0.0358168
0.0358146
0.0358123
0.03581
0.0358078
0.0358055
0.0358655
0.0360501
0.0359233
0.0357964
0.0357942
0.0357919
0.0357897
0.0357874
0.0357851
0.0357829
0.0357806
0.0357784
0.0357762
0.0357739
0.0357717
0.0357694
0.0357672
0.0357649
0.0357627
0.0357605
0.0357582
0.035756
0.0357538
0.0361876
0.0364345
0.0363077
0.0359317
0.0357426
0.0357404
0.0357382
0.035736
0.0357338
0.0357315
0.0357293
0.0357271
0.0357249
0.0357227
0.0357205
0.0357183
0.0357161
0.0357139
0.0357117
0.0357095
0.0357073
0.0357051
0.0357029
0.0357007
0.0356985
0.0356963
0.0356941
0.035692
0.0356898
0.0356876
0.0356854
0.0356832
0.0356811
0.0356789
0.0356767
0.0356745
0.0356724
0.0356702
0.035668
0.0356659
0.0356637
0.0356615
0.0356594
0.0356572
0.035655
0.0356529
0.0356507
0.0356486
0.0356464
0.0356443
0.0356421
0.03564
0.0356378
0.0356357
0.0356336
0.0356314
0.0356293
0.0356271
0.035625
0.0356229
0.0356207
0.0356186
0.0356165
0.0356144
0.0356122
0.0356101
0.035608
0.0356059
0.0356038
0.0356016
0.0355995
0.0355974
0.0355953
0.0355932
0.0361517
0.0362742
0.0356492
0.0355848
0.0355827
0.0355806
0.0355785
0.0355764
0.0355743
0.0355722
0.0355701
0.035568
0.0355659
0.0355638
0.0355617
0.0355597
0.0355576
0.0355555
0.0357403
0.0359251
0.0361722
0.0362947
0.0362927
0.0363529
0.0364131
0.0360996
0.0356615
0.0355348
0.0355327
0.0355307
0.0355286
0.0355266
0.0355245
0.0355225
0.0355204
0.0355184
0.0355163
0.0355143
0.0355122
0.0355102
0.0355082
0.0355061
0.0355041
0.035502
0.0355
0.035498
0.035496
0.0354939
0.0354919
0.0354899
0.0354879
0.0354858
0.0354838
0.0354818
0.0354798
0.0354778
0.0354758
0.0355485
0.0357645
0.0358809
0.0356982
0.0359765
0.0364417
0.0360473
0.0363817
0.036741
0.0369944
0.0370983
0.0372209
0.0376861
0.0381077
0.03833
0.0391005
0.0392667
0.0377447
0.0354379
0.0354359
0.0354339
0.0354319
0.03543
0.035428
0.035426
0.0354241
0.0354221
0.0354201
0.0354182
0.0354162
0.0356821
0.0358982
0.0360084
0.0359877
0.0362163
0.0358842
0.0355583
0.0354006
0.0353987
0.0353967
0.0355567
0.0353928
0.0353909
0.035389
0.035387
0.0353851
0.0353832
0.0353812
0.0353793
0.0353774
0.0353755
0.0353736
0.0353716
0.0353697
0.0353678
0.0353659
0.035364
0.0353621
0.0353602
0.0354704
0.0357986
0.0362826
0.0365548
0.0364657
0.0361274
0.0357269
0.0354197
0.0353431
0.0353412
0.0353393
0.0353374
0.0353355
0.0353336
0.0353318
0.0353299
0.035328
0.0353261
0.0353243
0.0353224
0.0353205
0.0354183
0.0359771
0.0363926
0.036453
0.0365571
0.0369539
0.0370704
0.0368754
0.036911
0.0367347
0.0363653
0.0362576
0.0352964
0.0352945
0.0352927
0.0352909
0.035289
0.0352872
0.0352853
0.0352835
0.0352817
0.0352799
0.035278
0.0354319
0.036134
0.0373906
0.0382795
0.0386764
0.0380579
0.0375764
0.0373877
0.0376475
0.0376208
0.0372826
0.0368634
0.0361266
0.0354084
0.0352508
0.035249
0.0352472
0.0352455
0.0352437
0.0364753
0.0361433
0.0354003
0.0356975
0.0369976
0.0371018
0.0371
0.0371605
0.0373207
0.0377176
0.0385506
0.0390596
0.0394254
0.0397351
0.0398953
0.0391024
0.0365466
0.0359032
0.0354529
0.0352082
0.0352065
0.0352047
0.035203
0.0352012
0.0351995
0.0351977
0.035196
0.0351942
0.0351925
0.0351908
0.035189
0.0351873
0.0351856
0.035215
0.035531
0.0366443
0.0375147
0.0372451
0.0379971
0.0372417
0.0351718
0.0351701
0.0351684
0.0351667
0.035165
0.0351632
0.0351615
0.0351598
0.0351581
0.0351564
0.0351547
0.0351531
0.0351514
0.0351497
0.035148
0.0351463
0.0351446
0.0359154
0.0367671
0.0372825
0.037748
0.038008
0.038243
0.0371823
0.0351312
0.0351295
0.0351279
0.0351262
0.0351245
0.0351229
0.0351212
0.0351196
0.0351179
0.0351163
0.0351146
0.035113
0.0351113
0.0351097
0.035108
0.0351064
0.0351048
0.0351031
0.0351015
0.0350999
0.0350982
0.0350966
0.035095
0.0350933
0.0350917
0.0350901
0.0350885
0.0350869
0.0350852
0.0350836
0.035082
0.0350804
0.0350788
0.0350772
0.0350756
0.035074
0.0350724
0.0350708
0.0350692
0.0350676
0.035066
0.0350644
0.0350628
0.0350612
0.0350597
0.0350581
0.0350565
0.0350549
0.0350533
0.0350518
0.0350502
0.0350486
0.0350471
0.0350455
0.0350439
0.0350424
0.0350408
0.0350393
0.0350377
0.0350361
0.0350346
0.035033
0.0350315
0.0355408
0.0360936
0.0365032
0.0368007
0.0369736
0.0372897
0.0374377
0.0375608
0.0359084
0.0350161
0.0350146
0.0350131
0.0350115
0.03501
0.0350085
0.035007
0.0350055
0.0350039
0.0350024
0.0350009
0.0349994
0.0349979
0.0349964
0.0349949
0.0349934
0.0349919
0.0349904
0.0349889
0.0349874
0.0349859
0.0349845
0.034983
0.0349815
0.03498
0.0349785
0.0349771
0.0349756
0.0349741
0.0349726
0.0349712
0.0349697
0.0349682
0.0349668
0.0349653
0.0349638
0.0349624
0.0349609
0.0349595
0.034958
0.0349566
0.0349551
0.0349537
0.0349522
0.0349508
0.0349494
0.0349479
0.0349465
0.0349451
0.0349436
0.0349422
0.0349408
0.0349393
0.0349379
0.0349365
0.0349351
0.0349337
0.0349323
0.0349308
0.0349294
0.034928
0.0349266
0.0349252
0.0349238
0.0349224
0.034921
0.0349196
0.0349182
0.0349168
0.0349154
0.034914
0.0349127
0.0349113
0.0349099
0.0349085
0.0349071
0.0349058
0.0349044
0.034903
0.0349016
0.0349003
0.0348989
0.0348975
0.0348962
0.0348948
0.0348935
0.0348921
0.0348907
0.0348894
0.034888
0.0348867
0.0348853
0.034884
0.0348827
0.0348813
0.03488
0.0348786
0.0348773
0.034876
0.0348747
0.0348733
0.034872
0.0348707
0.0348694
0.034868
0.0348667
0.0348654
0.0348641
0.0348628
0.0348615
0.0348602
0.0348589
0.0348576
0.0348563
0.034855
0.0348537
0.0348524
0.0348511
0.0348498
0.0348485
0.0348472
0.0348459
0.0348446
0.0348434
0.0348421
0.0348408
0.0348395
0.0348383
0.034837
0.0348357
0.0348345
0.0348332
0.0348319
0.0348307
0.0348294
0.0348282
0.0348269
0.0351745
0.0354411
0.0356891
0.0359058
0.0361475
0.036165
0.0353975
0.034817
0.0348157
0.0348145
0.0348133
0.034812
0.0348108
0.0348096
0.0348084
0.0348071
0.0348059
0.0348047
0.0348035
0.0348023
0.0348011
0.0347999
0.0347987
0.0347975
0.0347963
0.0347951
0.0347939
0.0347927
0.0347915
0.0347903
0.0347891
0.0347879
0.0347867
0.0347855
0.0347844
0.0347832
0.034782
0.0347808
0.0347797
0.0347785
0.0347773
0.0347762
0.034775
0.0347738
0.0347727
0.0347715
0.0347704
0.0347692
0.0347681
0.0347669
0.0347658
0.0347646
0.0347635
0.0347623
0.0347612
0.0347601
0.0347589
0.0347578
0.0347567
0.0347555
0.0347544
0.0347533
0.0347522
0.0347511
0.0347499
0.0347488
0.0347477
0.0347466
0.0347455
0.0347444
0.0347433
0.0347422
0.0347411
0.03474
0.0347389
0.0347378
0.0347367
0.0347356
0.0347345
0.0347334
0.0347324
0.0347313
0.0347302
0.0347291
0.034728
0.034727
0.0347259
0.0347248
0.0347238
0.0347227
0.0347216
0.0347206
0.0347195
0.0347185
0.0347174
0.0347164
0.0347153
0.0347143
0.0347132
0.0347122
0.0347111
0.0347101
0.0347091
0.034708
0.034707
0.034706
0.0347049
0.0347039
0.0347029
0.0347019
0.0347009
0.0346998
0.0346988
0.0346978
0.0346968
0.0346958
0.0346948
0.0346938
0.0346928
0.0346918
0.0346908
0.0346898
0.0347324
0.0347501
0.0347678
0.0348104
0.0348468
0.0350514
0.0351314
0.0349373
0.0346809
0.03468
0.0346852
0.0348898
0.0350944
0.0352928
0.0355784
0.03554
0.0356138
0.035725
0.0357988
0.0357667
0.0358405
0.0360825
0.036094
0.0360931
0.0361108
0.0361099
0.0362086
0.0362077
0.0362441
0.036212
0.0360242
0.0357804
0.0354742
0.0352116
0.0351733
0.0350728
0.0349099
0.0350585
0.0350389
0.0351439
0.0352675
0.0353538
0.0356956
0.0359438
0.0362046
0.0360853
0.0360595
0.0363016
0.036338
0.0363932
0.0362802
0.0362731
0.0360978
0.0358104
0.03528
0.0354037
0.0349232
0.0346357
0.0346349
0.034634
0.0346331
0.0346323
0.0346314
0.0346306
0.0346297
0.0346289
0.034628
0.0347144
0.0354299
0.0361205
0.036861
0.0373896
0.0375695
0.0378116
0.0377484
0.0376355
0.0370927
0.0353912
0.034618
0.0346171
0.0346163
0.0346155
0.0346147
0.0346139
0.0346131
0.0346123
0.0346115
0.0346106
0.0346098
0.034609
0.0346082
0.0346075
0.0346067
0.0346682
0.0352779
0.0354826
0.0351828
0.0354375
0.0364583
0.0369621
0.0368679
0.0348924
0.0345988
0.0345981
0.0345973
0.0345965
0.0345958
0.034595
0.0345943
0.0345935
0.0345927
0.034592
0.0345912
0.0345905
0.0345897
0.034589
0.0345883
0.0345875
0.0345868
0.034829
0.0352145
0.0354816
0.0356615
0.0356733
0.0355729
0.0345817
0.034581
0.0345803
0.0345795
0.0345788
0.0345781
0.0345774
0.0345767
0.034576
0.0345753
0.0345746
0.0345739
0.0345732
0.0345725
0.0345718
0.0345711
0.0345705
0.0345698
0.0345691
0.0345684
0.0345677
0.0345671
0.0345664
0.0345657
0.034565
0.0345644
0.0345637
0.034563
0.0345624
0.0345617
0.0345611
0.0345604
0.0345598
0.0345591
0.0345585
0.0345578
0.0345572
0.0345566
0.0345559
0.0345553
0.0345546
0.034554
0.0345534
0.0345528
0.0345521
0.0345515
0.0345509
0.0345503
0.0345497
0.0345491
0.0345484
0.0345478
0.0345472
0.0345466
0.034546
0.0345454
0.0345448
0.0345442
0.0345436
0.034543
0.0345425
0.0345419
0.0345413
0.0345407
0.0345401
0.0345395
0.034539
0.0345384
0.0345378
0.0345373
0.0345367
0.0345361
0.0345356
0.034535
0.0345344
0.0345339
0.0345333
0.0345328
0.0345322
0.0345317
0.0345311
0.0345306
0.0345301
0.0345295
0.034529
0.0345285
0.0345279
0.0345274
0.0345269
0.0345264
0.0345258
0.0345814
0.0347615
0.0348918
0.0345425
0.0345233
0.0345227
0.0345222
0.0345217
0.0345212
0.0345207
0.0345202
0.0345197
0.0345192
0.0345188
0.0345183
0.0345178
0.0345173
0.0345168
0.0345163
0.0345159
0.0345154
0.0345149
0.0345144
0.034514
0.0345135
0.034513
0.0345126
0.0345121
0.0345117
0.0345112
0.0345108
0.0345103
0.0345099
0.0345094
0.034509
0.0345085
0.0345081
0.0345077
0.0345072
0.0345068
0.0345064
0.0345059
0.0345055
0.0345051
0.0345047
0.0345042
0.0345038
0.0345034
0.034503
0.0345026
0.0345022
0.0345018
0.0345014
0.034501
0.0345006
0.0345002
0.0344998
0.0344994
0.034499
0.034916
0.0351772
0.0354136
0.035625
0.0355872
0.0356118
0.0356675
0.0357543
0.0356916
0.0357536
0.0357158
0.0356781
0.0357961
0.0359452
0.036219
0.0363806
0.0361747
0.0360933
0.0347599
0.0344917
0.0344913
0.034491
0.0344907
0.0344903
0.03449
0.0344897
0.0344893
0.034489
0.0344887
0.0344883
0.034488
0.0344877
0.0351789
0.0357516
0.036094
0.0364051
0.0368222
0.0368219
0.0369711
0.0371203
0.0367774
0.03626
0.0346775
0.0344841
0.0344838
0.0344835
0.0344832
0.0344829
0.0344826
0.0344824
0.0344821
0.0344818
0.0344816
0.0344813
0.034481
0.0344808
0.0344805
0.0344802
0.03448
0.0344797
0.0344795
0.0344792
0.034479
0.0344787
0.0344785
0.0344782
0.034478
0.0344778
0.0344775
0.0344773
0.0344771
0.0344768
0.0344766
0.0344764
0.0344762
0.034476
0.0344757
0.0344755
0.0344753
0.0344751
0.0344749
0.0344747
0.0344745
0.0344743
0.0344741
0.0344739
0.0344737
0.0344735
0.0344733
0.0344731
0.0344729
0.0344728
0.0344726
0.0344724
0.0344722
0.0344721
0.0344719
0.0344717
0.0344715
0.0344714
0.0344712
0.0344711
0.0344709
0.0344707
0.0344706
0.0344704
0.0344703
0.0344701
0.03447
0.0344699
0.0344697
0.0344696
0.0344694
0.0344693
0.0344692
0.0344691
0.0345997
0.0345498
0.0344687
0.0344686
0.0344684
0.0344683
0.0344682
0.0344681
0.034468
0.0344679
0.0344678
0.0344677
0.0345237
0.0352649
0.0361244
0.0368594
0.0373327
0.0375445
0.0376939
0.0376315
0.0375068
0.0368091
0.0354198
0.0344666
0.0344666
0.0344665
0.0344664
0.0344664
0.0344663
0.0344663
0.0344662
0.0344661
0.0344661
0.034466
0.0346217
0.035064
0.0353816
0.0353878
0.0355684
0.0358113
0.0360791
0.0363096
0.0363532
0.0370197
0.0372688
0.0370757
0.0362783
0.0356741
0.0349265
0.0344655
0.0344655
0.0344655
0.0344655
0.0344655
0.0344655
0.0344655
0.0359917
0.0354871
0.0356553
0.0360727
0.0363717
0.0360727
0.0360789
0.0363344
0.0364839
0.0366209
0.0367206
0.0370944
0.0373249
0.037325
0.0366896
0.0360916
0.0353441
0.0348209
0.0344659
0.0344659
0.034466
0.034466
0.0344661
0.0344661
0.0350206
0.0351515
0.0355066
0.0357184
0.0357497
0.0360051
0.0360052
0.0360302
0.0360739
0.0361923
0.0362547
0.0362111
0.0363856
0.0363795
0.0361616
0.0354951
0.0346729
0.0344674
0.0344675
0.0344676
0.0344677
0.0351593
0.0355519
0.0354461
0.035496
0.0358574
0.0361752
0.0366675
0.0370289
0.0372782
0.0373718
0.0372411
0.0373097
0.0375777
0.0377772
0.0378271
0.0378958
0.0377714
0.0370676
0.0365756
0.0356226
0.0350933
0.0350125
0.0346762
0.0347387
0.034471
0.0344711
0.0344713
0.03454
0.035188
0.0356741
0.0361913
0.0359796
0.0359985
0.0364285
0.0368647
0.0367403
0.0366222
0.0367096
0.0368094
0.0367535
0.0367226
0.0367726
0.0366794
0.0364304
0.0359322
0.0352971
0.0346868
0.0345001
0.0344754
0.0344756
0.0344758
0.034476
0.0344763
0.0346634
0.0350872
0.0354425
0.0354863
0.0359164
0.0361845
0.0365273
0.0368702
0.0369078
0.0367959
0.0367588
0.0365908
0.0363045
0.0360369
0.0360683
0.035427
0.0346423
0.0344806
0.0344809
0.0344811
0.0344814
0.0344817
0.0344819
0.0344822
0.0345448
0.0348378
0.0351247
0.0353617
0.0354429
0.0354868
0.0354186
0.0356681
0.0356933
0.0360611
0.0365909
0.0368778
0.0359997
0.0345486
0.0344866
0.0344869
0.0344872
0.0344875
0.0344878
0.0344882
0.0344885
0.0344888
0.0344891
0.0344895
0.0344898
0.0344901
0.0346026
0.0350265
0.0354754
0.0355505
0.0357813
0.0359934
0.0364485
0.0369036
0.037421
0.0373715
0.0365372
0.0358585
0.0350428
0.034495
0.0344954
0.0344957
0.0344961
0.0344965
0.0344969
0.0344972
0.0344976
0.034498
0.0344984
0.0349971
0.0351034
0.0348546
0.035017
0.0355344
0.0369053
0.0369244
0.0376785
0.0385324
0.0383521
0.0379601
0.0373064
0.0363786
0.0357374
0.0347224
0.0345048
0.0345053
0.0345057
0.0345061
0.0345065
0.034507
0.0345074
0.0345078
0.0345083
0.0345087
0.0350262
0.0347899
0.0349025
0.0350898
0.0353768
0.0354209
0.0356518
0.0357831
0.0358708
0.0356096
0.0353422
0.0352742
0.0349632
0.035163
0.0347025
0.0345161
0.0345165
0.034517
0.0345175
0.034518
0.0345185
0.034519
0.0345195
0.0345199
0.0345204
0.0345209
0.0345214
0.0345219
0.0345224
0.034523
0.0345235
0.0346797
0.0349543
0.035204
0.034999
0.0345946
0.0345266
0.0345271
0.0345276
0.0345281
0.0345287
0.0345292
0.0345297
0.0345303
0.0345308
0.0345314
0.0345319
0.0345325
0.034533
0.0345336
0.0345341
0.0345347
0.0345352
0.0345358
0.0345364
0.0345369
0.0345375
0.0345381
0.0345386
0.0345392
0.0345398
0.0345404
0.0345409
0.0345415
0.0345421
0.0345427
0.0345433
0.0345439
0.0345445
0.0345451
0.0348696
0.0348266
0.036478
0.0371264
0.0370461
0.036947
0.0370099
0.0368423
0.0368866
0.037155
0.036975
0.0364274
0.0361291
0.0357185
0.0353828
0.0356637
0.0346864
0.0345562
0.0345568
0.0345575
0.0345581
0.0345587
0.0345594
0.03456
0.0349345
0.0361561
0.0364246
0.0364938
0.0362639
0.0360279
0.03634
0.0365213
0.0365158
0.0364978
0.0364112
0.0362001
0.0357585
0.0352048
0.03457
0.0345707
0.0345714
0.0345721
0.0345728
0.0345735
0.0345742
0.0345749
0.0345756
0.0345763
0.034577
0.0345777
0.0345784
0.0345791
0.0345798
0.0345806
0.0345813
0.034582
0.0345827
0.0345834
0.0345842
0.0345849
0.0345856
0.0345864
0.0345871
0.0345878
0.0345886
0.0345893
0.0345901
0.0345908
0.0345916
0.0346608
0.0350852
0.0351046
0.0354916
0.0360343
0.0362843
0.0366962
0.0366658
0.0355453
0.0354339
0.0362009
0.0374289
0.0377722
0.0377917
0.0375059
0.0367031
0.0353708
0.0346054
0.0346062
0.034607
0.0346078
0.0346086
0.0346094
0.0346102
0.034611
0.0346118
0.0346126
0.0346134
0.0349257
0.0351009
0.0351017
0.0352022
0.0359381
0.0364684
0.0363509
0.0369186
0.0374552
0.0373937
0.0370519
0.035757
0.0352658
0.034625
0.0346258
0.0346267
0.0346275
0.0346284
0.0346292
0.0346301
0.0346309
0.0346318
0.0348071
0.0350945
0.0358304
0.0355946
0.0355144
0.0357396
0.0361578
0.0365698
0.0367887
0.0367647
0.036803
0.0371153
0.0376831
0.0375843
0.0365636
0.03563
0.03479
0.0346476
0.0346485
0.0346494
0.0346503
0.0346512
0.0346521
0.034653
0.0346539
0.0347981
0.0356774
0.0370114
0.0375044
0.0377732
0.0381417
0.0385101
0.0387478
0.0390104
0.0391421
0.0393985
0.0393869
0.0378866
0.0355017
0.0346679
0.0346688
0.0346698
0.0346707
0.0346717
0.0346726
0.0346736
0.0346745
0.0346755
0.0346765
0.0346774
0.0347345
0.03486
0.0351725
0.0361452
0.0368501
0.0368947
0.0367649
0.0365292
0.0361501
0.0361823
0.0364324
0.0363587
0.0362351
0.0363544
0.036262
0.0361073
0.0351303
0.0346952
0.0346962
0.0346972
0.0346982
0.0346992
0.0347003
0.0347013
0.0347023
0.0347033
0.0347043
0.0347054
0.0347064
0.0347074
0.0347085
0.0347095
0.0347105
0.0347116
0.0347126
0.0347137
0.0347147
0.0347157
0.0347168
0.0347179
0.0347189
0.03472
0.034721
0.0347221
0.0347231
0.0347242
0.0347253
0.0347263
0.0347274
0.0347285
0.0347296
0.0347306
0.0347317
0.0347328
0.0347339
0.034735
0.0347361
0.0347372
0.0347382
0.0347393
0.0347404
0.0347415
0.0347426
0.0347437
0.0347448
0.0347459
0.0347471
0.0347482
0.0347493
0.0347504
0.0347515
0.0347526
0.0347538
0.0347549
0.034756
0.0347571
0.0347583
0.0347594
0.0347605
0.0347617
0.0347628
0.034764
0.0347651
0.0347662
0.0347674
0.0347685
0.0347697
0.0347708
0.034772
0.0347732
0.0347743
0.0347755
0.0347766
0.0347778
0.034779
0.0347801
0.0347813
0.0347825
0.0347837
0.0347848
0.034786
0.0347872
0.0347884
0.0347896
0.0347908
0.034792
0.0347932
0.0347944
0.0347956
0.0347968
0.034798
0.0347992
0.0348004
0.0348016
0.0348028
0.034804
0.0348052
0.0348064
0.0348076
0.0348089
0.0348101
0.0348113
0.0348125
0.0348138
0.034815
0.0348162
0.0348175
0.0348187
0.0348199
0.0348212
0.0348224
0.0348237
0.0348249
0.0348262
0.0348274
0.0348287
0.0348299
0.0348312
0.0348325
0.0348337
0.034835
0.0348362
0.0348375
0.0348388
0.0348401
0.0348413
0.0348426
0.0348439
0.0348452
0.0348465
0.0348477
0.034849
0.0348503
0.0348516
0.0348529
0.0348542
0.0348555
0.0348568
0.0348581
0.0348594
0.0348607
0.034862
0.0348633
0.0348646
0.0348659
0.0348673
0.0348686
0.0348699
0.0348712
0.0348725
0.0348739
0.0348752
0.0348765
0.0348779
0.0348792
0.0348805
0.0348819
0.0348832
0.0348846
0.0348859
0.0348872
0.0348886
0.0348899
0.0348913
0.0348927
0.034894
0.0348954
0.0348967
0.0348981
0.0348995
0.0349008
0.0356123
0.0356885
0.0360449
0.0366381
0.0371565
0.0376126
0.0377261
0.0379331
0.0382646
0.0384405
0.0385291
0.038574
0.0382017
0.0374805
0.0365412
0.0354276
0.0349244
0.0349258
0.0349272
0.0349286
0.03493
0.0349314
0.0349328
0.0349467
0.0355399
0.0360833
0.0369631
0.036871
0.0370843
0.0377273
0.0382832
0.0385712
0.0388591
0.039876
0.0405315
0.0407385
0.0405842
0.0384801
0.0369429
0.0359975
0.0354944
0.0350348
0.0349615
0.034963
0.0349644
0.0349659
0.0349674
0.0358721
0.0364529
0.0371583
0.0383247
0.0389179
0.0395735
0.0403661
0.0408223
0.0403877
0.0406259
0.0406025
0.0403361
0.0398019
0.0397411
0.0387521
0.0380372
0.0372413
0.0361215
0.0350267
0.034997
0.0349985
0.035
0.0350015
0.0350031
0.0353223
0.0366631
0.0375928
0.0384041
0.0390909
0.0395098
0.0398041
0.0400859
0.0399691
0.0399644
0.0394178
0.039114
0.0390657
0.0391109
0.0380721
0.0374133
0.035029
0.0350306
0.0350321
0.0350337
0.0350352
0.0350368
0.0350383
0.0350399
0.0350415
0.0357843
0.0363777
0.0371143
0.0376391
0.0380269
0.0382901
0.0384724
0.0386359
0.0386375
0.0385394
0.0379429
0.037739
0.0373419
0.0366146
0.0350651
0.0350667
0.0350683
0.0350699
0.0350715
0.0350731
0.0350747
0.0350763
0.0350779
0.0350795
0.0357102
0.0366213
0.0367912
0.037098
0.0374173
0.0374439
0.0376012
0.0374097
0.0374923
0.0376871
0.0381434
0.0382883
0.0380969
0.037407
0.0366985
0.0355041
0.0351071
0.0351087
0.0351104
0.035112
0.0351136
0.0351153
0.0351169
0.0351186
0.0351639
0.0356701
0.0358711
0.0359787
0.0360675
0.0360443
0.035965
0.035786
0.0356195
0.0351477
0.0351369
0.0351386
0.0351403
0.0351419
0.0351436
0.0351453
0.035147
0.0351487
0.0351504
0.0351521
0.0351537
0.0351554
0.0351571
0.0351588
0.0351605
0.0351622
0.0351639
0.0351657
0.0351674
0.035331
0.0359183
0.0365741
0.0363267
0.0358799
0.0359376
0.0360764
0.035966
0.0351828
0.0351846
0.0351863
0.035188
0.0351897
0.0351915
0.0351932
0.035195
0.0351967
0.0354601
0.0357982
0.0360117
0.0361381
0.0360152
0.0362662
0.0364361
0.03655
0.0366764
0.0367965
0.0370661
0.0371738
0.0373686
0.0375884
0.0376338
0.0375857
0.0374692
0.0372467
0.0367626
0.0364591
0.0365979
0.0366308
0.03667
0.0367092
0.0370598
0.0371426
0.0373188
0.0374514
0.0375591
0.0377104
0.0377683
0.0378199
0.0378902
0.0379232
0.0380371
0.037933
0.0377604
0.0378557
0.0378824
0.0376475
0.0371821
0.0367042
0.0361953
0.0358856
0.0356507
0.0354719
0.0355049
0.0356375
0.0359134
0.0363638
0.0364528
0.0366353
0.0367618
0.0371374
0.0371641
0.0370974
0.0369809
0.0371821
0.0372587
0.0374537
0.0374057
0.0374761
0.0374717
0.0373864
0.0371951
0.0367298
0.0367254
0.0366774
0.0367042
0.0363697
0.0364463
0.0366413
0.0367179
0.0372057
0.0377495
0.0383058
0.0384448
0.0388017
0.0392459
0.0395157
0.0399536
0.040404
0.0406738
0.0408937
0.0411572
0.0414083
0.0416158
0.0404777
0.0400186
0.0393291
0.0386146
0.0379562
0.0372293
0.0366145
0.036118
0.0364127
0.0372743
0.038466
0.0390348
0.0390804
0.0394498
0.0400062
0.0405065
0.0409445
0.0413139
0.0416709
0.0419407
0.0422355
0.0423931
0.0423951
0.0423347
0.0417262
0.0409495
0.0401603
0.0391406
0.0384573
0.0382226
0.0380252
0.0379088
0.0378298
0.0381681
0.0397025
0.0410998
0.0417995
0.0414215
0.0412241
0.0416684
0.0419195
0.0426503
0.0425776
0.0424799
0.0425566
0.0429573
0.0430589
0.0431419
0.0425396
0.0422302
0.0422072
0.041823
0.0414325
0.0414844
0.041586
0.0417002
0.0416835
0.0417602
0.0418806
0.0419325
0.042003
0.0420361
0.0421378
0.0422146
0.0422478
0.042256
0.0422643
0.0424033
0.0425548
0.0426192
0.0428081
0.043215
0.0434413
0.0432751
0.0428972
0.0429553
0.0430757
0.0429469
0.0428244
0.0427641
0.0426914
0.0426747
0.0427578
0.0427349
0.0426934
0.0426082
0.0425106
0.042413
0.0423901
0.04228
0.0427618
0.0427451
0.0433016
0.0434407
0.0436421
0.0436442
0.043285
0.0430192
0.0430088
0.0430046
0.0428012
0.0426973
0.0425748
0.042471
0.0423672
0.0422135
0.0421471
0.042062
0.0420765
0.0420226
0.0419063
0.0418648
0.0418233
0.0418441
0.0418586
0.0418483
0.0418691
0.0419584
0.0420103
0.0419751
0.0416408
0.0412754
0.0409536
0.0406131
0.0402352
0.0404055
0.0404201
0.0404347
0.0407233
0.0410369
0.0412197
0.0412592
0.0411056
0.0410517
0.0411473
0.0412117
0.041326
0.0414278
0.0416043
0.0417996
0.041808
0.0416419
0.0417001
0.04164
0.0414366
0.0410214
0.0405065
0.0399729
0.0396574
0.0395785
0.0396679
0.0394583
0.039747
0.0400606
0.0404179
0.0407066
0.0409455
0.0409352
0.0410121
0.0410019
0.0410476
0.0410747
0.0411081
0.0411352
0.0413118
0.0413451
0.0413722
0.0414118
0.041171
0.0406063
0.0400354
0.0394521
0.0389808
0.0386965
0.0384433
0.0385265
0.0391516
0.0397145
0.039916
0.040211
0.0404686
0.0404584
0.0404668
0.0404005
0.0403155
0.0403925
0.0403885
0.0403284
0.0403493
0.0402207
0.0401669
0.0401193
0.0400156
0.0397562
0.0395466
0.0393495
0.0393331
0.0390799
0.0387146
0.0387293
0.0387378
0.0389144
0.0392406
0.0396166
0.0398681
0.0396585
0.0400968
0.0400056
0.039983
0.0401783
0.0406665
0.0405815
0.0403782
0.0401251
0.0398782
0.0396686
0.0394903
0.0393493
0.0391896
0.0387869
0.0385338
0.0382744
0.0382144
0.0382728
0.0385616
0.0388317
0.0390334
0.0391353
0.0391625
0.039196
0.0393166
0.0395058
0.0396202
0.0395976
0.0395812
0.0396333
0.0397602
0.0398186
0.0401884
0.040334
0.0398566
0.0396471
0.0389829
0.0381131
0.0376295
0.0374699
0.0372604
0.0373997
0.037645
0.0379339
0.038229
0.0383123
0.0383021
0.0383855
0.0383691
0.0384337
0.0386915
0.0387499
0.0387584
0.0387607
0.0387942
0.0387717
0.0387366
0.0385708
0.0384111
0.0380522
0.0377929
0.0377952
0.0377976
0.037314
0.0371544
0.0368079
0.037047
0.0373982
0.0374566
0.0374403
0.0374364
0.0375696
0.037709
0.037917
0.0381249
0.0382768
0.0386903
0.0390353
0.0391311
0.0394698
0.0401886
0.0405959
0.0394147
0.0374112
0.0371582
0.0367805
0.0366085
0.0365237
0.0365946
0.0364226
0.0365371
0.0369818
0.037794
0.0383009
0.0382847
0.0381375
0.0382458
0.0381486
0.0381634
0.0383091
0.0382866
0.03837
0.0383849
0.038624
0.0388569
0.0390026
0.0389427
0.0385713
0.0377016
0.0371496
0.0371209
0.0368243
0.0366586
0.0366236
0.0371804
0.0379366
0.0384623
0.0391936
0.0390714
0.0388745
0.0389517
0.0391473
0.0390687
0.0383859
0.037971
0.0380669
0.0382001
0.0382773
0.0382673
0.0381452
0.0381414
0.0383743
0.0388004
0.0388838
0.0384876
0.0382595
0.0380751
0.0381087
0.0383977
0.0387864
0.0390754
0.0391651
0.0390679
0.0391389
0.039322
0.039175
0.0392273
0.0394229
0.0396932
0.0398514
0.0401093
0.0405229
0.0403883
0.0401479
0.0395648
0.0383962
0.0376324
0.0370805
0.0365971
0.0364314
0.036166
0.0361685
0.0368438
0.0374381
0.0381694
0.0382155
0.0384547
0.0388621
0.0389705
0.039272
0.039368
0.0396508
0.0399648
0.0400794
0.0403187
0.040371
0.0405043
0.039915
0.0391389
0.0381883
0.0370197
0.0362186
0.0362211
0.0362237
0.0362262
0.0365713
0.0374584
0.0382023
0.0388402
0.0391666
0.0395616
0.039994
0.0404575
0.0406656
0.0407865
0.0408638
0.0409535
0.0408938
0.0408216
0.0407681
0.0407021
0.0405613
0.0401964
0.0397815
0.0394602
0.0388834
0.0387551
0.0386144
0.0384051
0.0383018
0.0386594
0.0386495
0.0387019
0.0389474
0.039087
0.0394883
0.0398833
0.0400354
0.0398822
0.0394114
0.0396631
0.0395535
0.0387151
0.0390167
0.0399101
0.0398753
0.0380963
0.0373264
0.0364943
0.0363411
0.0363437
0.0363463
0.0363489
0.0363515
0.0366406
0.037833
0.0385395
0.0398129
0.0405319
0.041145
0.0416708
0.041742
0.041321
0.0413547
0.0412825
0.0413412
0.0412753
0.0411533
0.0410749
0.0405917
0.0399215
0.0397061
0.0392975
0.0381851
0.0373903
0.0375425
0.0379064
0.0383264
0.03879
0.0390169
0.0390942
0.0394146
0.0396227
0.039588
0.0400018
0.0401788
0.0403185
0.0404083
0.0404733
0.0406628
0.040927
0.0410605
0.0411254
0.0408789
0.0404143
0.0397193
0.038856
0.0383728
0.0379269
0.0377801
0.0379696
0.0385329
0.0393578
0.0399523
0.0402103
0.0404559
0.0406828
0.0409658
0.0412363
0.0414508
0.0416279
0.0420915
0.0426299
0.0434984
0.043825
0.0441765
0.0444845
0.0435153
0.0415121
0.039783
0.0381162
0.0370724
0.0369629
0.0366541
0.0365384
0.0371391
0.0384188
0.0392625
0.0402556
0.0403767
0.0403046
0.0393542
0.0394939
0.0408297
0.0408635
0.0410593
0.0417161
0.0419182
0.042089
0.0425714
0.0433715
0.0424833
0.0416762
0.0407881
0.0394204
0.0380837
0.0370212
0.0366003
0.0366466
0.0374155
0.0386828
0.0396262
0.0401521
0.0407093
0.0409051
0.0411819
0.0417266
0.0421529
0.0425605
0.0428872
0.0432014
0.0434969
0.0438173
0.0440006
0.0440345
0.0435389
0.0426446
0.0416942
0.0407002
0.0392889
0.0388057
0.0382976
0.0383751
0.0383903
0.0390721
0.0395171
0.039526
0.0401393
0.0402666
0.0403129
0.0406147
0.0411532
0.0409503
0.0411898
0.040825
0.0404665
0.0402263
0.0398179
0.0395278
0.0392689
0.0394648
0.0389568
0.0379067
0.0368879
0.0367287
0.0367314
0.0367342
0.0367369
0.0367397
0.0367425
0.0369197
0.0374332
0.0373612
0.0373827
0.0378714
0.0383912
0.0387428
0.0388701
0.0388106
0.0389878
0.0388847
0.038956
0.0390086
0.0388681
0.0381296
0.0369986
0.0367896
0.0367924
0.0367952
0.0367979
0.0368007
0.0368035
0.0368063
0.0368278
0.0369988
0.0368583
0.0369358
0.0371504
0.0373276
0.0375734
0.0375637
0.0376101
0.0374821
0.0372108
0.0368398
0.0368426
0.0368454
0.0368482
0.036851
0.0368538
0.0368566
0.0368594
0.0368622
0.0368651
0.0368679
0.0368707
0.0368735
0.0368763
0.0368791
0.0368819
0.0368847
0.0368876
0.0368904
0.0368932
0.036896
0.0368988
0.0369017
0.0369045
0.0369073
0.0369101
0.036913
0.0369158
0.0369186
0.0369214
0.0369243
0.0369271
0.0369299
0.0369328
0.0369356
0.0369384
0.0369413
0.0369441
0.036947
0.0369498
0.0369526
0.0369555
0.0369583
0.0369612
0.036964
0.037079
0.0372874
0.0375955
0.0383895
0.0394388
0.0400397
0.0398183
0.0389864
0.037625
0.0369925
0.0369953
0.0369982
0.0370011
0.0370039
0.0370068
0.0370096
0.0370125
0.0370154
0.0370182
0.0370211
0.0370239
0.0370268
0.0370297
0.0370325
0.0370354
0.0370383
0.0370412
0.037044
0.0370469
0.0370498
0.0370526
0.0370555
0.0370584
0.0371111
0.0372573
0.0371667
0.0370699
0.0370728
0.0372999
0.0376828
0.0379411
0.0378256
0.0376105
0.0376009
0.0375851
0.0375195
0.0373604
0.037438
0.0376589
0.0378051
0.0379637
0.0379479
0.0380131
0.0381842
0.0380874
0.0382398
0.0380247
0.0382269
0.0381551
0.037535
0.0373262
0.0371484
0.0373133
0.0374968
0.037805
0.0380197
0.0380724
0.0380815
0.0382153
0.0385234
0.0385139
0.0385978
0.0387066
0.038859
0.0389553
0.0391825
0.0393848
0.0394064
0.0394591
0.0394184
0.0390601
0.0387827
0.0388229
0.0388321
0.0386295
0.0386324
0.0388284
0.039093
0.0392579
0.0392795
0.0392139
0.039086
0.0390453
0.0388738
0.0387148
0.0386305
0.0386957
0.03868
0.038876
0.038798
0.0386825
0.0387914
0.0390373
0.0388409
0.0381959
0.0376756
0.0373795
0.0374448
0.0372857
0.0372887
0.037491
0.0379113
0.0381821
0.0383034
0.0383811
0.0384401
0.0384119
0.0383775
0.0384552
0.0386326
0.0382742
0.0380529
0.038006
0.0380277
0.0379372
0.0379152
0.0381113
0.0380146
0.0385782
0.0390608
0.0391011
0.0387303
0.038752
0.0388421
0.0391815
0.0394772
0.0404769
0.0408163
0.0406884
0.0408658
0.0411553
0.041258
0.0415973
0.0417498
0.0420767
0.0422603
0.0419207
0.0418676
0.0416463
0.0416929
0.041509
0.041325
0.0408172
0.040409
0.0402002
0.0401721
0.0402249
0.0408321
0.0413272
0.0412928
0.0410404
0.0409063
0.0411273
0.0412611
0.0412579
0.0406815
0.0403108
0.0403449
0.0400302
0.0398401
0.0394444
0.038949
0.0383851
0.0382573
0.0381232
0.0378085
0.0374814
0.0374844
0.0374874
0.0374904
0.0374934
0.0374964
0.0374993
0.0376082
0.0379289
0.0382559
0.0385766
0.038754
0.0389127
0.0388472
0.039006
0.038928
0.0387939
0.038934
0.0390117
0.0391767
0.0394414
0.0396063
0.0396529
0.0394255
0.0391918
0.0387961
0.0385811
0.038609
0.0394218
0.0393314
0.0392721
0.039244
0.0390601
0.0390756
0.0388668
0.0389384
0.039122
0.0389818
0.0391841
0.0394301
0.0390158
0.0388132
0.0387788
0.0387943
0.0387101
0.0384079
0.0385106
0.038034
0.0376259
0.0376289
0.0376319
0.0380897
0.037638
0.037641
0.037644
0.0376471
0.0376501
0.0376531
0.0376562
0.0376592
0.0376622
0.0376653
0.0376683
0.0376838
0.037936
0.0382567
0.0383906
0.0385369
0.0386957
0.0388607
0.0390257
0.038873
0.0388137
0.0385801
0.0382841
0.038013
0.0379912
0.038368
0.0389005
0.039215
0.0392804
0.0392834
0.0389937
0.0386728
0.0385326
0.0396133
0.0387878
0.038685
0.038931
0.039177
0.0388
0.0386349
0.0389494
0.0391144
0.0393667
0.0390894
0.038918
0.0390332
0.0390051
0.0392947
0.0402447
0.0411323
0.0416524
0.041861
0.0420634
0.0421724
0.0423374
0.0422782
0.0421816
0.0419728
0.0413716
0.0411255
0.0411348
0.0411503
0.0411036
0.0411752
0.0411907
0.0412872
0.0413401
0.0413992
0.0414334
0.0413867
0.0421684
0.0427321
0.0426355
0.0427694
0.0428223
0.0428877
0.0430527
0.0431492
0.0433205
0.0433547
0.0437814
0.0436848
0.0437626
0.0437968
0.0437376
0.0437905
0.044049
0.0443262
0.044647
0.04465
0.0451889
0.0452418
0.0445845
0.0442201
0.044055
0.0437092
0.0440798
0.0442449
0.0444597
0.0445438
0.0448085
0.0451542
0.0454127
0.0453286
0.044852
0.0451292
0.0455683
0.0455963
0.0457116
0.0458081
0.0460354
0.0460759
0.046079
0.0460821
0.0460852
0.046082
0.0458235
0.0452535
0.0448641
0.0443688
0.0442224
0.044157
0.0454745
0.046113
0.0455741
0.0455772
0.0459915
0.0461254
0.0461285
0.0461316
0.0461347
0.0461378
0.0461409
0.046144
0.0461471
0.0461502
0.0461533
0.0461564
0.0461595
0.0461626
0.0461657
0.0452281
0.044627
0.0442563
0.0439168
0.0439199
0.0444463
0.0451159
0.0454492
0.0461936
0.0461967
0.0461998
0.0462029
0.0460067
0.0457668
0.0462122
0.0461966
0.0461561
0.0459537
0.045745
0.0454989
0.0453152
0.0452373
0.0450473
0.0448199
0.0447483
0.0446579
0.0447607
0.0449881
0.0448043
0.0448074
0.0449289
0.0450628
0.0450597
0.0452809
0.0452279
0.0452435
0.045122
0.0449569
0.044742
0.0446081
0.0444119
0.0443028
0.044281
0.0440661
0.0438637
0.0438294
0.0436394
0.0435304
0.043465
0.0432065
0.043247
0.0433062
0.0435585
0.0438232
0.0441129
0.0442344
0.044306
0.0443715
0.0445116
0.044602
0.0445926
0.0445584
0.0447048
0.0446767
0.0448481
0.0450132
0.0453963
0.0456735
0.0459632
0.0459538
0.0455894
0.0446706
0.0438452
0.0433687
0.0428485
0.0427395
0.0427987
0.0434061
0.0444994
0.0456923
0.0462686
0.0464212
0.0464243
0.0464275
0.0464306
0.0464337
0.0464368
0.04644
0.0464431
0.0464462
0.0464494
0.0464525
0.0464556
0.0464588
0.0464619
0.0455493
0.0442941
0.0429642
0.0425188
0.0425094
0.0429175
0.043637
0.0448486
0.0455121
0.0458703
0.045643
0.0455713
0.0456119
0.0453222
0.044746
0.0441449
0.0440982
0.0440826
0.0445032
0.0444876
0.0440734
0.0441886
0.0444783
0.0444254
0.0441046
0.0437963
0.0437932
0.0436842
0.0435814
0.0437964
0.0441982
0.0443508
0.0440799
0.0437903
0.0435941
0.0434664
0.0432764
0.0431923
0.043563
0.0436845
0.0435568
0.0433357
0.0430648
0.0427191
0.0426038
0.0426942
0.0425292
0.0419966
0.0415761
0.0412429
0.0412024
0.0416167
0.0411838
0.0407633
0.0406855
0.0409253
0.0407291
0.0412867
0.0410843
0.0412182
0.0412961
0.0411186
0.0411903
0.0426387
0.041994
0.0423958
0.0423927
0.0423772
0.0424738
0.0426389
0.0426732
0.042776
0.0427044
0.0424646
0.0420192
0.0413371
0.0411908
0.0407142
0.0406053
0.0407953
0.041004
0.0413498
0.0412408
0.0410695
0.0411287
0.0411007
0.040998
0.0409139
0.0409171
0.0410573
0.0418017
0.0419918
0.0424621
0.0430446
0.0434651
0.0434558
0.0432721
0.043188
0.0429046
0.0427333
0.0410919
0.0404348
0.0404254
0.0404722
0.0406622
0.0406156
0.0406374
0.0407776
0.0407745
0.0408088
0.0408369
0.0409335
0.0411671
0.0411952
0.041298
0.0413634
0.0413977
0.0414943
0.0416532
0.0416315
0.0415474
0.0414758
0.041398
0.0412454
0.0407876
0.0409278
0.0416411
0.0423108
0.0429244
0.0431331
0.0431612
0.0427407
0.0422019
0.0423235
0.0424948
0.0424481
0.0425447
0.042741
0.0427504
0.0422738
0.0422521
0.0425106
0.0428253
0.0429468
0.0420031
0.0409659
0.0403773
0.0403057
0.0402528
0.0408103
0.0417479
0.0426418
0.0433676
0.0436075
0.043866
0.0440312
0.043916
0.043726
0.0436606
0.0429848
0.0412873
0.04106
0.0408825
0.0418886
0.0422842
0.0420444
0.0420849
0.0423372
0.0424214
0.0422812
0.0422968
0.0422751
0.0418796
0.0422689
0.0428639
0.0433654
0.0436239
0.0438389
0.0438483
0.0437704
0.0436864
0.0438204
0.0440851
0.0440073
0.0440914
0.0440572
0.0439607
0.0439389
0.0441664
0.0441633
0.0441104
0.0435466
0.0429518
0.0421576
0.0417994
0.0419334
0.0420175
0.0422387
0.0425284
0.0424568
0.0421734
0.0423697
0.0424164
0.0430363
0.0436063
0.0437465
0.0441421
0.0446934
0.0455251
0.0454099
0.0452262
0.0443074
0.0435505
0.0436097
0.0430959
0.0426007
0.0425415
0.0420899
0.0410465
0.0402523
0.0404673
0.0405327
0.0408224
0.0410124
0.0409969
0.0411869
0.0411714
0.0409752
0.0407541
0.0408133
0.0408725
0.0409317
0.0409972
0.0410938
0.041153
0.0412932
0.041614
0.0419224
0.0419692
0.0418104
0.0414833
0.040714
0.0401067
0.0391754
0.039135
0.0394309
0.0410662
0.0421968
0.0421751
0.0414618
0.0415833
0.0415616
0.0416706
0.0417983
0.0421316
0.0423715
0.0426051
0.0426145
0.0425865
0.042708
0.0429479
0.0429386
0.043004
0.0428327
0.0423874
0.0412443
0.039933
0.0392073
0.0392105
0.0399051
0.0412974
0.0416618
0.040986
0.041014
0.0412726
0.0416433
0.0418582
0.0419112
0.042313
0.0424906
0.0425498
0.0430326
0.0430918
0.0432257
0.0432974
0.0434625
0.0438581
0.0443596
0.0440949
0.0434875
0.0429113
0.0428023
0.042712
0.0430516
0.0437337
0.0446463
0.0456773
0.0459172
0.0455279
0.0453753
0.0457023
0.0462723
0.0461945
0.0468891
0.0470853
0.0466898
0.0466805
0.0472629
0.047291
0.0468892
0.046855
0.0466899
0.0458396
0.0442916
0.0429991
0.0426222
0.0426939
0.0432825
0.0443634
0.0454504
0.0458771
0.0463101
0.0467742
0.0470141
0.0470546
0.0467338
0.0457651
0.0451328
0.0448681
0.044784
0.044594
0.0444539
0.0442764
0.0441674
0.0444321
0.0445723
0.0445568
0.0442982
0.0441892
0.0442297
0.0443761
0.0445225
0.0446067
0.0445163
0.044345
0.0443544
0.0441333
0.0437813
0.0432674
0.043501
0.0438281
0.0439495
0.0441458
0.0445227
0.0446379
0.0448653
0.0448746
0.0448092
0.0448373
0.0447345
0.044476
0.0440306
0.0434544
0.0432083
0.04328
0.0431647
0.0429187
0.042548
0.0423393
0.0423175
0.0422397
0.0420808
0.0422895
0.0425293
0.0425387
0.0426041
0.0428003
0.0427225
0.0427318
0.0429654
0.0433983
0.0434949
0.0440773
0.0447968
0.0448062
0.0447781
0.0447875
0.0449339
0.0451488
0.0451145
0.0450802
0.0450771
0.0450304
0.045021
0.0449868
0.0449276
0.0448373
0.0447594
0.0447438
0.0446535
0.044532
0.0443731
0.0443762
0.0445102
0.0446503
0.0449088
0.0451237
0.0451829
0.0445506
0.0440366
0.0436286
0.0432766
0.0428561
0.0427969
0.044021
0.044809
0.04508
0.0451827
0.0453852
0.0456998
0.0459832
0.0463289
0.0464566
0.0461731
0.0451297
0.0456373
0.0459644
0.046036
0.045765
0.0460671
0.0462446
0.0456933
0.04498
0.0438431
0.042862
0.0427218
0.0427685
0.0428401
0.0432356
0.0435689
0.0437028
0.0434629
0.0433975
0.0432884
0.0429925
0.0428772
0.0432354
0.0435313
0.0435032
0.0435997
0.0436527
0.0435125
0.043391
0.0431075
0.0426371
0.0421356
0.0416591
0.0418864
0.0417026
0.0415499
0.0415842
0.041581
0.041609
0.0413941
0.0413847
0.041531
0.0411541
0.041151
0.0410481
0.0409204
0.040855
0.0410324
0.0410729
0.0410074
0.0408236
0.040889
0.0408921
0.0406024
0.0403189
0.0401974
0.0399326
0.0398733
0.0398764
0.0398795
0.0398825
0.0398856
0.0398887
0.0398917
0.0398948
0.0398979
0.0399009
0.039904
0.0399071
0.0399101
0.0399132
0.0399661
0.0402869
0.0406201
0.0408972
0.0410062
0.0411525
0.0412615
0.0414265
0.0416164
0.0416942
0.0412612
0.0411709
0.041311
0.0413888
0.0415164
0.041725
0.0420209
0.0420862
0.0425502
0.0428087
0.0429675
0.0428646
0.0429549
0.0428832
0.0429984
0.0428519
0.0422382
0.0425528
0.0431663
0.0434995
0.0434589
0.0433187
0.0429417
0.0412006
0.0400387
0.0400231
0.0400261
0.0400291
0.0400322
0.0407204
0.0417763
0.0420409
0.0419754
0.0420034
0.0420314
0.04224
0.0424361
0.0422523
0.0420622
0.0422895
0.0423859
0.0424139
0.0423484
0.0420836
0.0424977
0.0424073
0.0425972
0.041834
0.0409774
0.0407562
0.0410022
0.0408744
0.0409521
0.0407371
0.0410018
0.0411979
0.041419
0.0415902
0.0418735
0.0417956
0.0414498
0.0415275
0.0420289
0.0424804
0.0425146
0.0425737
0.0427075
0.0427977
0.0429067
0.0430031
0.0429376
0.0425482
0.0422646
0.0422614
0.0420339
0.042174
0.042233
0.0423918
0.0423387
0.0423355
0.0423946
0.0428586
0.0427806
0.042578
0.0426932
0.0428519
0.042967
0.0428081
0.0423189
0.0421974
0.0424931
0.0425771
0.0423122
0.0419851
0.0415583
0.0410006
0.0406112
0.0402964
0.0405922
0.0406077
0.0406792
0.040651
0.0407537
0.041037
0.0410587
0.0412299
0.0415132
0.0417342
0.0415628
0.0415097
0.0415251
0.0414347
0.0416868
0.0419764
0.0422908
0.0423125
0.042465
0.0427171
0.0425768
0.0424926
0.0421841
0.0420376
0.0421028
0.0423052
0.0424327
0.0428032
0.0432174
0.0438931
0.0449613
0.0451948
0.0448738
0.0454623
0.0459076
0.0459292
0.0457702
0.0457608
0.0455893
0.0451811
0.0449972
0.0445143
0.043913
0.0436543
0.0433084
0.0425576
0.0406482
0.0404331
0.0404111
0.0403892
0.0404918
0.0413046
0.0416315
0.041622
0.041519
0.0414846
0.0416744
0.0426305
0.0438855
0.0439259
0.0438354
0.044019
0.0441091
0.0441183
0.0443268
0.0443796
0.0444884
0.0446097
0.0446376
0.04441
0.0447431
0.0449205
0.0448362
0.0441975
0.0427054
0.0424405
0.0421631
0.0418546
0.0416021
0.0415739
0.0415145
0.0413119
0.0413086
0.0412804
0.04114
0.0412239
0.0411646
0.0410305
0.0406658
0.0407497
0.0412946
0.0417149
0.041749
0.0416336
0.0407332
0.0405243
0.0405273
0.0405302
0.0405331
0.0409409
0.0413674
0.0421864
0.0427188
0.0431391
0.0439207
0.0444655
0.0437147
0.0433376
0.0435523
0.0429198
0.0426175
0.042664
0.0424863
0.0426013
0.0425917
0.0425386
0.0424605
0.0421644
0.0418558
0.0414725
0.0410642
0.0407494
0.0409641
0.0412474
0.0416988
0.0421128
0.0425081
0.0432959
0.0440713
0.0451145
0.0454849
0.0455937
0.0457461
0.0454001
0.0453345
0.045518
0.0457452
0.0456048
0.0456824
0.045704
0.0454577
0.0451366
0.0444667
0.043965
0.0433823
0.0430052
0.0430953
0.0437834
0.0442909
0.044655
0.0448822
0.0450657
0.0446886
0.044679
0.0451989
0.0454634
0.0456967
0.0456684
0.0457647
0.0459545
0.0460508
0.0460848
0.0464365
0.0463459
0.0460934
0.0453176
0.0437631
0.0428689
0.0426412
0.0429929
0.0433446
0.0435406
0.0438425
0.0441692
0.0441409
0.0439631
0.0445578
0.0453891
0.0460585
0.0465223
0.0466685
0.0466588
0.0466928
0.046677
0.0468854
0.0468944
0.0470779
0.0476352
0.0477315
0.0471923
0.0461299
0.0450551
0.0443602
0.0440952
0.0445216
0.045409
0.0459476
0.0461747
0.0462896
0.0465727
0.0468372
0.0467154
0.0467307
0.0470575
0.0470665
0.0469385
0.0464554
0.0460969
0.0457945
0.044676
0.0444982
0.0447813
0.0446346
0.0444506
0.0441232
0.0438395
0.0435993
0.0435523
0.0437669
0.0444425
0.0457597
0.0465225
0.0467557
0.046989
0.0470479
0.0462596
0.0457889
