0.0197922
0.0197951
0.019798
0.0198009
0.0198037
0.0198066
0.0198095
0.0198123
0.0198152
0.0198181
0.019821
0.0198238
0.0198267
0.0198295
0.0198324
0.0198353
0.0198381
0.019841
0.0198439
0.0198467
0.0198496
0.0198524
0.0198553
0.0198581
0.019861
0.0198638
0.0198667
0.0198695
0.0198724
0.0198752
0.0198781
0.0198809
0.0198838
0.0198866
0.0198894
0.0198923
0.0198951
0.019898
0.0199008
0.0199036
0.0199065
0.0199093
0.0199121
0.019915
0.0199178
0.0199206
0.0199234
0.0199263
0.0199291
0.0199319
0.0199347
0.0199376
0.0199404
0.0199432
0.019946
0.0199488
0.0199517
0.0199545
0.0199573
0.0199601
0.0199629
0.0199657
0.0199685
0.0199713
0.0199741
0.0199769
0.0199797
0.0199825
0.0199853
0.0199881
0.0199909
0.0199937
0.0199965
0.0199993
0.0200021
0.0200049
0.0200077
0.0200105
0.0200133
0.0200161
0.0200189
0.0200217
0.0200244
0.0200272
0.02003
0.0200328
0.0200356
0.0200384
0.0200411
0.0200439
0.0200467
0.0200495
0.0200522
0.020055
0.0200578
0.0200605
0.0200633
0.0200661
0.0200688
0.0200716
0.0200744
0.0200771
0.0200799
0.0200827
0.0200854
0.0200882
0.0200909
0.0200937
0.0200964
0.0200992
0.0201019
0.0201047
0.0201074
0.0201102
0.0201129
0.0201157
0.0201184
0.0201212
0.0201239
0.0201266
0.0201294
0.0201321
0.0201348
0.0201376
0.0201403
0.020143
0.0201458
0.0201485
0.0201512
0.020154
0.0201567
0.0201594
0.0201621
0.0201649
0.0201676
0.0201703
0.020173
0.0201757
0.0201784
0.0201812
0.0201839
0.0201866
0.0201893
0.020192
0.0201947
0.0201974
0.0202001
0.0202028
0.0202055
0.0202082
0.0202109
0.0202136
0.0202163
0.020219
0.0202217
0.0202244
0.0202271
0.0202298
0.0202325
0.0202352
0.0202379
0.0202405
0.0202432
0.0202459
0.0202486
0.0202513
0.020254
0.0202566
0.0202593
0.020262
0.0202647
0.0202673
0.02027
0.0202727
0.0202753
0.020278
0.0202807
0.0202833
0.020286
0.0202887
0.0202913
0.020294
0.0202966
0.0202993
0.020302
0.0203046
0.0203073
0.0203099
0.0203126
0.0203152
0.0203179
0.0203205
0.0203231
0.0203258
0.0203284
0.0203311
0.0203337
0.0203364
0.020339
0.0203416
0.0203443
0.0203469
0.0203495
0.0203521
0.0203548
0.0203574
0.02036
0.0203627
0.0203653
0.0203679
0.0203705
0.0203731
0.0203758
0.0203784
0.020381
0.0203836
0.0203862
0.0203888
0.0203914
0.020394
0.0203966
0.0203992
0.0204018
0.0204044
0.020407
0.0204096
0.0204122
0.0204148
0.0204174
0.02042
0.0204226
0.0204252
0.0204278
0.0204304
0.020433
0.0204356
0.0204381
0.0204407
0.0204433
0.0204459
0.0204485
0.020451
0.0204536
0.0204562
0.0204588
0.0204613
0.0204639
0.0204665
0.020469
0.0204716
0.0204742
0.0204767
0.0204793
0.0204818
0.0204844
0.020487
0.0204895
0.0204921
0.0204946
0.0204972
0.0204997
0.0205023
0.0205048
0.0205074
0.0205099
0.0205124
0.020515
0.0205175
0.0205201
0.0205226
0.0205251
0.0205277
0.0205302
0.0205327
0.0205353
0.0205378
0.0205403
0.0205428
0.0205454
0.0205479
0.0205504
0.0205529
0.0205554
0.020558
0.0205605
0.020563
0.0205655
0.020568
0.0205705
0.020573
0.0205755
0.020578
0.0205805
0.020583
0.0205855
0.020588
0.0205905
0.020593
0.0205955
0.020598
0.0206005
0.020603
0.0206055
0.020608
0.0206104
0.0206129
0.0206154
0.0206179
0.0206204
0.0206228
0.0206253
0.0206278
0.0206303
0.0206327
0.0206352
0.0206377
0.0206401
0.0206426
0.0206451
0.0206475
0.02065
0.0206524
0.0206549
0.0206574
0.0206598
0.0206623
0.0206647
0.0206672
0.0206696
0.0206721
0.0206745
0.0206769
0.0206794
0.0206818
0.0206843
0.0206867
0.0206891
0.0206916
0.020694
0.0206964
0.0206989
0.0207013
0.0207037
0.0207062
0.0207086
0.020711
0.0207134
0.0207158
0.0207183
0.0207207
0.0207231
0.0207255
0.0207279
0.0207303
0.0207327
0.0207351
0.0207375
0.0207399
0.0207423
0.0207447
0.0207471
0.0207495
0.0207519
0.0207543
0.0207567
0.0207591
0.0207615
0.0207639
0.0207663
0.0207687
0.020771
0.0207734
0.0207758
0.0207782
0.0207805
0.0207829
0.0207853
0.0207877
0.02079
0.0207924
0.0207948
0.0207971
0.0207995
0.0208019
0.0208042
0.0208066
0.0208089
0.0208113
0.0208136
0.020816
0.0208184
0.0208207
0.020823
0.0208254
0.0208277
0.0208301
0.0208324
0.0208348
0.0208371
0.0208394
0.0208418
0.0208441
0.0208464
0.0208488
0.0208511
0.0208534
0.0208557
0.0208581
0.0208604
0.0208627
0.020865
0.0208673
0.0208697
0.020872
0.0208743
0.0208766
0.0208789
0.0208812
0.0208835
0.0208858
0.0208881
0.0208904
0.0208927
0.020895
0.0208973
0.0208996
0.0209019
0.0209042
0.0209065
0.0209088
0.020911
0.0209133
0.0209156
0.0209179
0.0209202
0.0209224
0.0209247
0.020927
0.0209293
0.0209315
0.0209338
0.0209361
0.0209383
0.0209406
0.0209429
0.0209451
0.0209474
0.0209496
0.0209519
0.0209542
0.0209564
0.0209587
0.0209609
0.0209632
0.0209654
0.0209676
0.0209699
0.0209721
0.0209744
0.0209766
0.0209788
0.0209811
0.0209833
0.0209855
0.0209878
0.02099
0.0209922
0.0209944
0.0209967
0.0209989
0.0210011
0.0210033
0.0210055
0.0210077
0.0210099
0.0210122
0.0210144
0.0210166
0.0210188
0.021021
0.0210232
0.0210254
0.0210276
0.0210298
0.021032
0.0210342
0.0210363
0.0210385
0.0210407
0.0210429
0.0210451
0.0210473
0.0210495
0.0210516
0.0210538
0.021056
0.0210582
0.0210603
0.0210625
0.0210647
0.0210668
0.021069
0.0210712
0.0210733
0.0210755
0.0210776
0.0210798
0.021082
0.0210841
0.0210863
0.0210884
0.0210906
0.0210927
0.0210948
0.021097
0.0210991
0.0211013
0.0211034
0.0211055
0.0211077
0.0211098
0.0211119
0.0211141
0.0211162
0.0211183
0.0211204
0.0211226
0.0211247
0.0211268
0.0211289
0.021131
0.0211331
0.0211352
0.0211374
0.0211395
0.0211416
0.0211437
0.0211458
0.0211479
0.02115
0.0211521
0.0211542
0.0211563
0.0211583
0.0211604
0.0211625
0.0211646
0.0211667
0.0211688
0.0211709
0.0211729
0.021175
0.0211771
0.0211792
0.0211812
0.0211833
0.0211854
0.0211874
0.0211895
0.0211916
0.0211936
0.0211957
0.0211977
0.0211998
0.0212018
0.0212039
0.0212059
0.021208
0.02121
0.0212121
0.0212141
0.0212162
0.0212182
0.0212202
0.0212223
0.0212243
0.0212263
0.0212284
0.0212304
0.0212324
0.0212344
0.0212365
0.0212385
0.0212405
0.0212425
0.0212445
0.0212466
0.0212486
0.0212506
0.0212526
0.0212546
0.0212566
0.0212586
0.0212606
0.0212626
0.0212646
0.0212666
0.0212686
0.0212706
0.0212726
0.0212745
0.0212765
0.0212785
0.0212805
0.0212825
0.0212845
0.0212864
0.0212884
0.0212904
0.0212924
0.0212943
0.0212963
0.0212983
0.0213002
0.0213022
0.0213041
0.0213061
0.0213081
0.02131
0.021312
0.0213139
0.0213159
0.0213178
0.0213197
0.0213217
0.0213236
0.0213256
0.0213275
0.0213294
0.0213314
0.0213333
0.0213352
0.0213372
0.0213391
0.021341
0.0213429
0.0213449
0.0213468
0.0213487
0.0213506
0.0213525
0.0213544
0.0213563
0.0213583
0.0213602
0.0213621
0.021364
0.0213659
0.0213678
0.0213697
0.0213716
0.0213734
0.0213753
0.0213772
0.0213791
0.021381
0.0213829
0.0213848
0.0213866
0.0213885
0.0213904
0.0213923
0.0213941
0.021396
0.0213979
0.0213997
0.0214016
0.0214035
0.0214053
0.0214072
0.021409
0.0214109
0.0214127
0.0214146
0.0214164
0.0214183
0.0214201
0.021422
0.0214238
0.0214257
0.0214275
0.0214293
0.0214312
0.021433
0.0214348
0.0214366
0.0214385
0.0214403
0.0214421
0.0214439
0.0214458
0.0214476
0.0214494
0.0214512
0.021453
0.0214548
0.0214566
0.0214584
0.0214602
0.021462
0.0214638
0.0214656
0.0214674
0.0214692
0.021471
0.0214728
0.0214746
0.0214764
0.0214781
0.0214799
0.0214817
0.0214835
0.0214853
0.021487
0.0214888
0.0214906
0.0214923
0.0214941
0.0214959
0.0214976
0.0214994
0.0215011
0.0215029
0.0215046
0.0215064
0.0215081
0.0215099
0.0215116
0.0215134
0.0215151
0.0215169
0.0215186
0.0215203
0.0215221
0.0215238
0.0215255
0.0215273
0.021529
0.0215307
0.0215324
0.0215342
0.0215359
0.0215376
0.0215393
0.021541
0.0215427
0.0215444
0.0215461
0.0215478
0.0215495
0.0215512
0.0215529
0.0215546
0.0215563
0.021558
0.0215597
0.0215614
0.0215631
0.0215648
0.0215665
0.0215681
0.0215698
0.0215715
0.0215732
0.0215748
0.0215765
0.0215782
0.0215798
0.0215815
0.0215832
0.0215848
0.0215865
0.0215881
0.0215898
0.0215914
0.0215931
0.0215947
0.0215964
0.021598
0.0215997
0.0216013
0.021603
0.0216046
0.0216062
0.0216079
0.0216095
0.0216111
0.0216127
0.0216144
0.021616
0.0216176
0.0216192
0.0216208
0.0216225
0.0216241
0.0216257
0.0216273
0.0216289
0.0216305
0.0216321
0.0216337
0.0216353
0.0216369
0.0216385
0.0216401
0.0216417
0.0216433
0.0216448
0.0216464
0.021648
0.0216496
0.0216512
0.0216527
0.0216543
0.0216559
0.0216574
0.021659
0.0216606
0.0216621
0.0216637
0.0216653
0.0216668
0.0216684
0.0216699
0.0216715
0.021673
0.0216746
0.0216761
0.0216777
0.0216792
0.0216807
0.0216823
0.0216838
0.0216853
0.0216869
0.0216884
0.0216899
0.0216915
0.021693
0.0216945
0.021696
0.0216975
0.021699
0.0217006
0.0217021
0.0217036
0.0217051
0.0217066
0.0217081
0.0217096
0.0217111
0.0217126
0.0217141
0.0217156
0.021717
0.0217185
0.02172
0.0217215
0.021723
0.0217245
0.0217259
0.0217274
0.0217289
0.0217304
0.0217318
0.0217333
0.0217348
0.0217362
0.0217377
0.0217391
0.0217406
0.021742
0.0217435
0.0217449
0.0217464
0.0217478
0.0217493
0.0217507
0.0217522
0.0217536
0.021755
0.0217565
0.0217579
0.0217593
0.0217608
0.0217622
0.0217636
0.021765
0.0217664
0.0217679
0.0217693
0.0217707
0.0217721
0.0217735
0.0217749
0.0217763
0.0217777
0.0217791
0.0217805
0.0217819
0.0217833
0.0217847
0.0217861
0.0217875
0.0217888
0.0217902
0.0217916
0.021793
0.0217944
0.0217957
0.0217971
0.0217985
0.0217998
0.0218012
0.0218026
0.0218039
0.0218053
0.0218067
0.021808
0.0218094
0.0218107
0.0218121
0.0218134
0.0218147
0.0218161
0.0218174
0.0218188
0.0218201
0.0218214
0.0218228
0.0218241
0.0218254
0.0218268
0.0218281
0.0218294
0.0218307
0.021832
0.0218333
0.0218347
0.021836
0.0218373
0.0218386
0.0218399
0.0218412
0.0218425
0.0218438
0.0218451
0.0218464
0.0218477
0.021849
0.0218502
0.0218515
0.0218528
0.0218541
0.0218554
0.0218566
0.0218579
0.0218592
0.0218605
0.0218617
0.021863
0.0218643
0.0218655
0.0218668
0.021868
0.0218693
0.0218705
0.0218718
0.021873
0.0218743
0.0218755
0.0218768
0.021878
0.0218792
0.0218805
0.0218817
0.0218829
0.0218842
0.0218854
0.0218866
0.0218879
0.0218891
0.0218903
0.0218915
0.0218927
0.0218939
0.0218951
0.0218963
0.0218976
0.0218988
0.0219
0.0219012
0.0219024
0.0219035
0.0219047
0.0219059
0.0219071
0.0219083
0.0219095
0.0219107
0.0219118
0.021913
0.0219142
0.0219154
0.0219165
0.0219177
0.0219189
0.02192
0.0219212
0.0219224
0.0219235
0.0219247
0.0219258
0.021927
0.0219281
0.0219293
0.0219304
0.0219316
0.0219327
0.0219338
0.021935
0.0219361
0.0219372
0.0219384
0.0219395
0.0219406
0.0219417
0.0219429
0.021944
0.0219451
0.0219462
0.0219473
0.0219484
0.0219495
0.0219506
0.0219517
0.0219528
0.0219539
0.021955
0.0219561
0.0219572
0.0219583
0.0219594
0.0219605
0.0219616
0.0219626
0.0219637
0.0219648
0.0219659
0.0219669
0.021968
0.0219691
0.0219701
0.0219712
0.0219723
0.0219733
0.0219744
0.0219754
0.0219765
0.0219775
0.0219786
0.0219796
0.0219807
0.0219817
0.0219828
0.0219838
0.0219848
0.0219859
0.0219869
0.0219879
0.0219889
0.02199
0.021991
0.021992
0.021993
0.021994
0.0219951
0.0219961
0.0219971
0.0219981
0.0219991
0.0220001
0.0220011
0.0220021
0.0220031
0.0220041
0.0220051
0.022006
0.022007
0.022008
0.022009
0.02201
0.022011
0.0220119
0.0220129
0.0220139
0.0220148
0.0220158
0.0220168
0.0220177
0.0220187
0.0220196
0.0220206
0.0220215
0.0220225
0.0220234
0.0220244
0.0220253
0.0220263
0.0220272
0.0220282
0.0220291
0.02203
0.022031
0.0220319
0.0220328
0.0220337
0.0220346
0.0220356
0.0220365
0.0220374
0.0220383
0.0220392
0.0220401
0.022041
0.0220419
0.0220428
0.0220437
0.0220446
0.0220455
0.0220464
0.0220473
0.0220482
0.0220491
0.02205
0.0220508
0.0220517
0.0220526
0.0220535
0.0220543
0.0220552
0.0220561
0.0220569
0.0220578
0.0220587
0.0220595
0.0220604
0.0220612
0.0220621
0.0220629
0.0220638
0.0220646
0.0220655
0.0220663
0.0220672
0.022068
0.0220688
0.0220697
0.0220705
0.0220713
0.0220721
0.022073
0.0220738
0.0220746
0.0220754
0.0220762
0.022077
0.0220778
0.0220787
0.0220795
0.0220803
0.0220811
0.0220819
0.0220827
0.0220834
0.0220842
0.022085
0.0220858
0.0220866
0.0220874
0.0220882
0.0220889
0.0220897
0.0220905
0.0220913
0.022092
0.0220928
0.0220935
0.0220943
0.0220951
0.0220958
0.0220966
0.0220973
0.0220981
0.0220988
0.0220996
0.0221003
0.0221011
0.0221018
0.0221025
0.0221033
0.022104
0.0221047
0.0221055
0.0221062
0.0221069
0.0221076
0.0221083
0.0221091
0.0221098
0.0221105
0.0221112
0.0221119
0.0221126
0.0221133
0.022114
0.0221147
0.0221154
0.0221161
0.0221168
0.0221175
0.0221182
0.0221188
0.0221195
0.0221202
0.0221209
0.0221216
0.0221222
0.0221229
0.0221236
0.0221242
0.0221249
0.0221256
0.0221262
0.0221269
0.0221275
0.0221282
0.0221288
0.0221295
0.0221301
0.0221308
0.0221314
0.022132
0.0221327
0.0221333
0.022134
0.0221346
0.0221352
0.0221358
0.0221365
0.0221371
0.0221377
0.0221383
0.0221389
0.0221395
0.0221401
0.0221407
0.0221414
0.022142
0.0221426
0.0221432
0.0221437
0.0221443
0.0221449
0.0221455
0.0221461
0.0221467
0.0221473
0.0221478
0.0221484
0.022149
0.0221496
0.0221501
0.0221507
0.0221513
0.0221518
0.0221524
0.022153
0.0221535
0.0221541
0.0221546
0.0221552
0.0221557
0.0221563
0.0221568
0.0221573
0.0221579
0.0221584
0.0221589
0.0221595
0.02216
0.0221605
0.0221611
0.0221616
0.0221621
0.0221626
0.0221631
0.0221636
0.0221641
0.0221647
0.0221652
0.0221657
0.0221662
0.0221667
0.0221672
0.0221677
0.0221681
0.0221686
0.0221691
0.0221696
0.0221701
0.0221706
0.022171
0.0221715
0.022172
0.0221725
0.0221729
0.0221734
0.0221739
0.0221743
0.0221748
0.0221752
0.0221757
0.0221762
0.0221766
0.0221771
0.0221775
0.0221779
0.0221784
0.0221788
0.0221793
0.0221797
0.0221801
0.0221805
0.022181
0.0221814
0.0221818
0.0221822
0.0221827
0.0221831
0.0221835
0.0221839
0.0221843
0.0221847
0.0221851
0.0221855
0.0221859
0.0221863
0.0221867
0.0221871
0.0221875
0.0221879
0.0221883
0.0221887
0.022189
0.0221894
0.0221898
0.0221902
0.0221905
0.0221909
0.0221913
0.0221916
0.022192
0.0221924
0.0221927
0.0221931
0.0221934
0.0221938
0.0221941
0.0221945
0.0221948
0.0221952
0.0221955
0.0221958
0.0221962
0.0221965
0.0221968
0.0221972
0.0221975
0.0221978
0.0221981
0.0221984
0.0221988
0.0221991
0.0221994
0.0221997
0.0222
0.0222003
0.0222006
0.0222009
0.0222012
0.0222015
0.0222018
0.0222021
0.0222024
0.0222027
0.0222029
0.0222032
0.0222035
0.0222038
0.022204
0.0222043
0.0222046
0.0222049
0.0222051
0.0222054
0.0222056
0.0222059
0.0222062
0.0222064
0.0222067
0.0222069
0.0222072
0.0222074
0.0222076
0.0222079
0.0222081
0.0222084
0.0222086
0.0222088
0.022209
0.0222093
0.0222095
0.0222097
0.0222099
0.0222101
0.0222104
0.0222106
0.0222108
0.022211
0.0222112
0.0222114
0.0222116
0.0222118
0.022212
0.0222122
0.0222124
0.0222126
0.0222127
0.0222129
0.0222131
0.0222133
0.0222135
0.0222136
0.0222138
0.022214
0.0222141
0.0222143
0.0222145
0.0222146
0.0222148
0.0222149
0.0222151
0.0222152
0.0222154
0.0222155
0.0222157
0.0222158
0.022216
0.0222161
0.0222162
0.0222164
0.0222165
0.0222166
0.0222168
0.0222169
0.022217
0.0222171
0.0222172
0.0222173
0.0222175
0.0222176
0.0222177
0.0222178
0.0222179
0.022218
0.0222181
0.0222182
0.0222183
0.0222184
0.0222184
0.0222185
0.0222186
0.0222187
0.0222188
0.0222189
0.0222189
0.022219
0.0222191
0.0222191
0.0222192
0.0222193
0.0222193
0.0222194
0.0222194
0.0222195
0.0222195
0.0222196
0.0222196
0.0222197
0.0222197
0.0222198
0.0222198
0.0222198
0.0222199
0.0222199
0.0222199
0.0222199
0.02222
0.02222
0.02222
0.02222
0.02222
0.02222
0.0222201
0.0222201
0.0222201
0.0222201
0.0222201
0.0222201
0.0222201
0.02222
0.02222
0.02222
0.02222
0.02222
0.02222
0.02222
0.0222199
0.0222199
0.0222199
0.0222198
0.0222198
0.0222198
0.0222197
0.0222197
0.0222197
0.0222196
0.0222196
0.0222195
0.0222195
0.0222194
0.0222194
0.0222193
0.0222192
0.0222192
0.0222191
0.022219
0.022219
0.0222189
0.0222188
0.0222187
0.0222187
0.0222186
0.0222185
0.0222184
0.0222183
0.0222182
0.0222181
0.022218
0.0222179
0.0222178
0.0222177
0.0222176
0.0222175
0.0222174
0.0222173
0.0222172
0.0222171
0.022217
0.0222168
0.0222167
0.0222166
0.0222165
0.0222163
0.0222162
0.0222161
0.0222159
0.0222158
0.0222156
0.0222155
0.0222153
0.0222152
0.022215
0.0222149
0.0222147
0.0222146
0.0222144
0.0222142
0.0222141
0.0222139
0.0222137
0.0222136
0.0222134
0.0222132
0.022213
0.0222128
0.0222127
0.0222125
0.0222123
0.0222121
0.0222119
0.0222117
0.0222115
0.0222113
0.0222111
0.0222109
0.0222107
0.0222105
0.0222103
0.0222101
0.0222098
0.0222096
0.0222094
0.0222092
0.0222089
0.0222087
0.0222085
0.0222083
0.022208
0.0222078
0.0222075
0.0222073
0.0222071
0.0222068
0.0222066
0.0222063
0.022206
0.0222058
0.0222055
0.0222053
0.022205
0.0222047
0.0222045
0.0222042
0.0222039
0.0222037
0.0222034
0.0222031
0.0222028
0.0222025
0.0222022
0.022202
0.0222017
0.0222014
0.0222011
0.0222008
0.0222005
0.0222002
0.0221999
0.0221996
0.0221993
0.0221989
0.0221986
0.0221983
0.022198
0.0221977
0.0221973
0.022197
0.0221967
0.0221964
0.022196
0.0221957
0.0221954
0.022195
0.0221947
0.0221943
0.022194
0.0221936
0.0221933
0.0221929
0.0221926
0.0221922
0.0221918
0.0221915
0.0221911
0.0221908
0.0221904
0.02219
0.0221896
0.0221893
0.0221889
0.0221885
0.0221881
0.0221877
0.0221873
0.0221869
0.0221866
0.0221862
0.0221858
0.0221854
0.022185
0.0221845
0.0221841
0.0221837
0.0221833
0.0221829
0.0221825
0.0221821
0.0221817
0.0221812
0.0221808
0.0221804
0.0221799
0.0221795
0.0221791
0.0221786
0.0221782
0.0221778
0.0221773
0.0221769
0.0221764
0.022176
0.0221755
0.0221751
0.0221746
0.0221741
0.0221737
0.0221732
0.0221727
0.0221723
0.0221718
0.0221713
0.0221709
0.0221704
0.0221699
0.0221694
0.0221689
0.0221684
0.0221679
0.0221675
0.022167
0.0221665
0.022166
0.0221655
0.022165
0.0221644
0.0221639
0.0221634
0.0221629
0.0221624
0.0221619
0.0221614
0.0221608
0.0221603
0.0221598
0.0221593
0.0221587
0.0221582
0.0221577
0.0221571
0.0221566
0.022156
0.0221555
0.0221549
0.0221544
0.0221538
0.0221533
0.0221527
0.0221522
0.0221516
0.022151
0.0221505
0.0221499
0.0221493
0.0221488
0.0221482
0.0221476
0.022147
0.0221464
0.0221459
0.0221453
0.0221447
0.0221441
0.0221435
0.0221429
0.0221423
0.0221417
0.0221411
0.0221405
0.0221399
0.0221393
0.0221387
0.0221381
0.0221374
0.0221368
0.0221362
0.0221356
0.022135
0.0221343
0.0221337
0.0221331
0.0221324
0.0221318
0.0221311
0.0221305
0.0221299
0.0221292
0.0221286
0.0221279
0.0221273
0.0221266
0.022126
0.0221253
0.0221246
0.022124
0.0221233
0.0221226
0.022122
0.0221213
0.0221206
0.0221199
0.0221192
0.0221186
0.0221179
0.0221172
0.0221165
0.0221158
0.0221151
0.0221144
0.0221137
0.022113
0.0221123
0.0221116
0.0221109
0.0221102
0.0221095
0.0221088
0.0221081
0.0221073
0.0221066
0.0221059
0.0221052
0.0221044
0.0221037
0.022103
0.0221022
0.0221015
0.0221008
0.0221
0.0220993
0.0220985
0.0220978
0.022097
0.0220963
0.0220955
0.0220948
0.022094
0.0220932
0.0220925
0.0220917
0.0220909
0.0220902
0.0220894
0.0220886
0.0220878
0.0220871
0.0220863
0.0220855
0.0220847
0.0220839
0.0220831
0.0220823
0.0220815
0.0220807
0.0220799
0.0220791
0.0220783
0.0220775
0.0220767
0.0220759
0.0220751
0.0220743
0.0220734
0.0220726
0.0220718
0.022071
0.0220701
0.0220693
0.0220685
0.0220676
0.0220668
0.022066
0.0220651
0.0220643
0.0220634
0.0220626
0.0220617
0.0220609
0.02206
0.0220592
0.0220583
0.0220575
0.0220566
0.0220557
0.0220549
0.022054
0.0220531
0.0220522
0.0220514
0.0220505
0.0220496
0.0220487
0.0220478
0.0220469
0.0220461
0.0220452
0.0220443
0.0220434
0.0220425
0.0220416
0.0220407
0.0220398
0.0220388
0.0220379
0.022037
0.0220361
0.0220352
0.0220343
0.0220333
0.0220324
0.0220315
0.0220306
0.0220296
0.0220287
0.0220278
0.0220268
0.0220259
0.0220249
0.022024
0.0220231
0.0220221
0.0220212
0.0220202
0.0220192
0.0220183
0.0220173
0.0220164
0.0220154
0.0220144
0.0220135
0.0220125
0.0220115
0.0220105
0.0220096
0.0220086
0.0220076
0.0220066
0.0220056
0.0220046
0.0220037
0.0220027
0.0220017
0.0220007
0.0219997
0.0219987
0.0219977
0.0219967
0.0219956
0.0219946
0.0219936
0.0219926
0.0219916
0.0219906
0.0219895
0.0219885
0.0219875
0.0219865
0.0219854
0.0219844
0.0219834
0.0219823
0.0219813
0.0219803
0.0219792
0.0219782
0.0219771
0.0219761
0.021975
0.021974
0.0219729
0.0219718
0.0219708
0.0219697
0.0219686
0.0219676
0.0219665
0.0219654
0.0219644
0.0219633
0.0219622
0.0219611
0.02196
0.0219589
0.0219579
0.0219568
0.0219557
0.0219546
0.0219535
0.0219524
0.0219513
0.0219502
0.0219491
0.021948
0.0219469
0.0219457
0.0219446
0.0219435
0.0219424
0.0219413
0.0219402
0.021939
0.0219379
0.0219368
0.0219356
0.0219345
0.0219334
0.0219322
0.0219311
0.0219299
0.0219288
0.0219276
0.0219265
0.0219253
0.0219242
0.021923
0.0219219
0.0219207
0.0219196
0.0219184
0.0219172
0.0219161
0.0219149
0.0219137
0.0219125
0.0219114
0.0219102
0.021909
0.0219078
0.0219066
0.0219054
0.0219042
0.0219031
0.0219019
0.0219007
0.0218995
0.0218983
0.0218971
0.0218959
0.0218946
0.0218934
0.0218922
0.021891
0.0218898
0.0218886
0.0218873
0.0218861
0.0218849
0.0218837
0.0218824
0.0218812
0.02188
0.0218787
0.0218775
0.0218763
0.021875
0.0218738
0.0218725
0.0218713
0.02187
0.0218688
0.0218675
0.0218663
0.021865
0.0218637
0.0218625
0.0218612
0.0218599
0.0218587
0.0218574
0.0218561
0.0218548
0.0218536
0.0218523
0.021851
0.0218497
0.0218484
0.0218471
0.0218458
0.0218446
0.0218433
0.021842
0.0218407
0.0218394
0.021838
0.0218367
0.0218354
0.0218341
0.0218328
0.0218315
0.0218302
0.0218289
0.0218275
0.0218262
0.0218249
0.0218236
0.0218222
0.0218209
0.0218196
0.0218182
0.0218169
0.0218155
0.0218142
0.0218129
0.0218115
0.0218102
0.0218088
0.0218074
0.0218061
0.0218047
0.0218034
0.021802
0.0218006
0.0217993
0.0217979
0.0217965
0.0217952
0.0217938
0.0217924
0.021791
0.0217897
0.0217883
0.0217869
0.0217855
0.0217841
0.0217827
0.0217813
0.0217799
0.0217785
0.0217771
0.0217757
0.0217743
0.0217729
0.0217715
0.0217701
0.0217687
0.0217673
0.0217659
0.0217644
0.021763
0.0217616
0.0217602
0.0217587
0.0217573
0.0217559
0.0217544
0.021753
0.0217516
0.0217501
0.0217487
0.0217472
0.0217458
0.0217444
0.0217429
0.0217414
0.02174
0.0217385
0.0217371
0.0217356
0.0217342
0.0217327
0.0217312
0.0217298
0.0217283
0.0217268
0.0217253
0.0217239
0.0217224
0.0217209
0.0217194
0.0217179
0.0217164
0.0217149
0.0217135
0.021712
0.0217105
0.021709
0.0217075
0.021706
0.0217045
0.021703
0.0217014
0.0216999
0.0216984
0.0216969
0.0216954
0.0216939
0.0216924
0.0216908
0.0216893
0.0216878
0.0216862
0.0216847
0.0216832
0.0216816
0.0216801
0.0216786
0.021677
0.0216755
0.0216739
0.0216724
0.0216708
0.0216693
0.0216677
0.0216662
0.0216646
0.0216631
0.0216615
0.0216599
0.0216584
0.0216568
0.0216552
0.0216537
0.0216521
0.0216505
0.0216489
0.0216474
0.0216458
0.0216442
0.0216426
0.021641
0.0216394
0.0216378
0.0216362
0.0216346
0.021633
0.0216314
0.0216298
0.0216282
0.0216266
0.021625
0.0216234
0.0216218
0.0216202
0.0216186
0.0216169
0.0216153
0.0216137
0.0216121
0.0216104
0.0216088
0.0216072
0.0216056
0.0216039
0.0216023
0.0216006
0.021599
0.0215974
0.0215957
0.0215941
0.0215924
0.0215908
0.0215891
0.0215875
0.0215858
0.0215841
0.0215825
0.0215808
0.0215792
0.0215775
0.0215758
0.0215741
0.0215725
0.0215708
0.0215691
0.0215674
0.0215658
0.0215641
0.0215624
0.0215607
0.021559
0.0215573
0.0215556
0.0215539
0.0215522
0.0215505
0.0215488
0.0215471
0.0215454
0.0215437
0.021542
0.0215403
0.0215386
0.0215369
0.0215352
0.0215334
0.0215317
0.02153
0.0215283
0.0215266
0.0215248
0.0215231
0.0215214
0.0215196
0.0215179
0.0215162
0.0215144
0.0215127
0.0215109
0.0215092
0.0215074
0.0215057
0.0215039
0.0215022
0.0215004
0.0214987
0.0214969
0.0214951
0.0214934
0.0214916
0.0214898
0.0214881
0.0214863
0.0214845
0.0214827
0.021481
0.0214792
0.0214774
0.0214756
0.0214738
0.0214721
0.0214703
0.0214685
0.0214667
0.0214649
0.0214631
0.0214613
0.0214595
0.0214577
0.0214559
0.0214541
0.0214523
0.0214505
0.0214486
0.0214468
0.021445
0.0214432
0.0214414
0.0214395
0.0214377
0.0214359
0.0214341
0.0214322
0.0214304
0.0214286
0.0214267
0.0214249
0.0214231
0.0214212
0.0214194
0.0214175
0.0214157
0.0214138
0.021412
0.0214101
0.0214083
0.0214064
0.0214046
0.0214027
0.0214008
0.021399
0.0213971
0.0213952
0.0213934
0.0213915
0.0213896
0.0213877
0.0213859
0.021384
0.0213821
0.0213802
0.0213783
0.0213764
0.0213746
0.0213727
0.0213708
0.0213689
0.021367
0.0213651
0.0213632
0.0213613
0.0213594
0.0213575
0.0213556
0.0213537
0.0213517
0.0213498
0.0213479
0.021346
0.0213441
0.0213422
0.0213402
0.0213383
0.0213364
0.0213344
0.0213325
0.0213306
0.0213287
0.0213267
0.0213248
0.0213228
0.0213209
0.021319
0.021317
0.0213151
0.0213131
0.0213112
0.0213092
0.0213072
0.0213053
0.0213033
0.0213014
0.0212994
0.0212974
0.0212955
0.0212935
0.0212915
0.0212896
0.0212876
0.0212856
0.0212836
0.0212817
0.0212797
0.0212777
0.0212757
0.0212737
0.0212717
0.0212698
0.0212678
0.0212658
0.0212638
0.0212618
0.0212598
0.0212578
0.0212558
0.0212538
0.0212518
0.0212497
0.0212477
0.0212457
0.0212437
0.0212417
0.0212397
0.0212377
0.0212356
0.0212336
0.0212316
0.0212296
0.0212275
0.0212255
0.0212235
0.0212214
0.0212194
0.0212174
0.0212153
0.0212133
0.0212112
0.0212092
0.0212071
0.0212051
0.021203
0.021201
0.0211989
0.0211969
0.0211948
0.0211928
0.0211907
0.0211886
0.0211866
0.0211845
0.0211824
0.0211804
0.0211783
0.0211762
0.0211742
0.0211721
0.02117
0.0211679
0.0211658
0.0211638
0.0211617
0.0211596
0.0211575
0.0211554
0.0211533
0.0211512
0.0211491
0.021147
0.0211449
0.0211428
0.0211407
0.0211386
0.0211365
0.0211344
0.0211323
0.0211302
0.021128
0.0211259
0.0211238
0.0211217
0.0211196
0.0211174
0.0211153
0.0211132
0.0211111
0.0211089
0.0211068
0.0211047
0.0211025
0.0211004
0.0210982
0.0210961
0.021094
0.0210918
0.0210897
0.0210875
0.0210854
0.0210832
0.0210811
0.0210789
0.0210768
0.0210746
0.0210724
0.0210703
0.0210681
0.0210659
0.0210638
0.0210616
0.0210594
0.0210573
0.0210551
0.0210529
0.0210507
0.0210486
0.0210464
0.0210442
0.021042
0.0210398
0.0210376
0.0210354
0.0210333
0.0210311
0.0210289
0.0210267
0.0210245
0.0210223
0.0210201
0.0210179
0.0210157
0.0210135
0.0210112
0.021009
0.0210068
0.0210046
0.0210024
0.0210002
0.020998
0.0209957
0.0209935
0.0209913
0.0209891
0.0209868
0.0209846
0.0209824
0.0209801
0.0209779
0.0209757
0.0209734
0.0209712
0.020969
0.0209667
0.0209645
0.0209622
0.02096
0.0209577
0.0209555
0.0209532
0.020951
0.0209487
0.0209465
0.0209442
0.0209419
0.0209397
0.0209374
0.0209351
0.0209329
0.0209306
0.0209283
0.0209261
0.0209238
0.0209215
0.0209192
0.020917
0.0209147
0.0209124
0.0209101
0.0209078
0.0209055
0.0209032
0.020901
0.0208987
0.0208964
0.0208941
0.0208918
0.0208895
0.0208872
0.0208849
0.0208826
0.0208803
0.020878
0.0208756
0.0208733
0.020871
0.0208687
0.0208664
0.0208641
0.0208618
0.0208594
0.0208571
0.0208548
0.0208525
0.0208501
0.0208478
0.0208455
0.0208431
0.0208408
0.0208385
0.0208361
0.0208338
0.0208315
0.0208291
0.0208268
0.0208244
0.0208221
0.0208197
0.0208174
0.020815
0.0208127
0.0208103
0.020808
0.0208056
0.0208033
0.0208009
0.0207985
0.0207962
0.0207938
0.0207914
0.0207891
0.0207867
0.0207843
0.0207819
0.0207796
0.0207772
0.0207748
0.0207724
0.0207701
0.0207677
0.0207653
0.0207629
0.0207605
0.0207581
0.0207557
0.0207533
0.0207509
0.0207485
0.0207462
0.0207438
0.0207414
0.0207389
0.0207365
0.0207341
0.0207317
0.0207293
0.0207269
0.0207245
0.0207221
0.0207197
0.0207173
0.0207148
0.0207124
0.02071
0.0207076
0.0207052
0.0207027
0.0207003
0.0206979
0.0206954
0.020693
0.0206906
0.0206881
0.0206857
0.0206833
0.0206808
0.0206784
0.0206759
0.0206735
0.0206711
0.0206686
0.0206662
0.0206637
0.0206613
0.0206588
0.0206563
0.0206539
0.0206514
0.020649
0.0206465
0.0206441
0.0206416
0.0206391
0.0206367
0.0206342
0.0206317
0.0206292
0.0206268
0.0206243
0.0206218
0.0206193
0.0206169
0.0206144
0.0206119
0.0206094
0.0206069
0.0206044
0.020602
0.0205995
0.020597
0.0205945
0.020592
0.0205895
0.020587
0.0205845
0.020582
0.0205795
0.020577
0.0205745
0.020572
0.0205695
0.020567
0.0205645
0.0205619
0.0205594
0.0205569
0.0205544
0.0205519
0.0205494
0.0205468
0.0205443
0.0205418
0.0205393
0.0205367
0.0205342
0.0205317
0.0205292
0.0205266
0.0205241
0.0205216
0.020519
0.0205165
0.0205139
0.0205114
0.0205089
0.0205063
0.0205038
0.0205012
0.0204987
0.0204961
0.0204936
0.020491
0.0204885
0.0204859
0.0204834
0.0204808
0.0204782
0.0204757
0.0204731
0.0204705
0.020468
0.0204654
0.0204628
0.0204603
0.0204577
0.0204551
0.0204526
0.02045
0.0204474
0.0204448
0.0204422
0.0204397
0.0204371
0.0204345
0.0204319
0.0204293
0.0204267
0.0204241
0.0204216
0.020419
0.0204164
0.0204138
0.0204112
0.0204086
0.020406
0.0204034
0.0204008
0.0203982
0.0203956
0.020393
0.0203904
0.0203877
0.0203851
0.0203825
0.0203799
0.0203773
0.0203747
0.0203721
0.0203694
0.0203668
0.0203642
0.0203616
0.0203589
0.0203563
0.0203537
0.0203511
0.0203484
0.0203458
0.0203432
0.0203405
0.0203379
0.0203353
0.0203326
0.02033
0.0203273
0.0203247
0.0203221
0.0203194
0.0203168
0.0203141
0.0203115
0.0203088
0.0203062
0.0203035
0.0203009
0.0202982
0.0202956
0.0202929
0.0202902
0.0202876
0.0202849
0.0202822
0.0202796
0.0202769
0.0202742
0.0202716
0.0202689
0.0202662
0.0202636
0.0202609
0.0202582
0.0202555
0.0202529
0.0202502
0.0202475
0.0202448
0.0202421
0.0202394
0.0202368
0.0202341
0.0202314
0.0202287
0.020226
0.0202233
0.0202206
0.0202179
0.0202152
0.0202125
0.0202098
0.0202071
0.0202044
0.0202017
0.020199
0.0201963
0.0201936
0.0201909
0.0201882
0.0201855
0.0201828
0.02018
0.0201773
0.0201746
0.0201719
0.0201692
0.0201665
0.0201637
0.020161
0.0201583
0.0201556
0.0201528
0.0201501
0.0201474
0.0201447
0.0201419
0.0201392
0.0201365
0.0201337
0.020131
0.0201282
0.0201255
0.0201228
0.02012
0.0201173
0.0201145
0.0201118
0.020109
0.0201063
0.0201036
0.0201008
0.0200981
0.0200953
0.0200925
0.0200898
0.020087
0.0200843
0.0200815
0.0200788
0.020076
0.0200732
0.0200705
0.0200677
0.0200649
0.0200622
0.0200594
0.0200566
0.0200539
0.0200511
0.0200483
0.0200455
0.0200428
0.02004
0.0200372
0.0200344
0.0200317
0.0200289
0.0200261
0.0200233
0.0200205
0.0200177
0.0200149
0.0200122
0.0200094
0.0200066
0.0200038
0.020001
0.0199982
0.0199954
0.0199926
0.0199898
0.019987
0.0199842
0.0199814
0.0199786
0.0199758
0.019973
0.0199702
0.0199674
0.0199646
0.0199617
0.0199589
0.0199561
0.0199533
0.0199505
0.0199477
0.0199449
0.019942
0.0199392
0.0199364
0.0199336
0.0199308
0.0199279
0.0199251
0.0199223
0.0199195
0.0199166
0.0199138
0.019911
0.0199081
0.0199053
0.0199025
0.0198996
0.0198968
0.019894
0.0198911
0.0198883
0.0198854
0.0198826
0.0198797
0.0198769
0.0198741
0.0198712
0.0198684
0.0198655
0.0198627
0.0198598
0.019857
0.0198541
0.0198512
0.0198484
0.0198455
0.0198427
0.0198398
0.019837
0.0198341
0.0198312
0.0198284
0.0198255
0.0198226
0.0198198
0.0198169
0.019814
0.0198112
0.0198083
0.0198054
0.0198025
0.0197997
0.0197968
0.0197939
0.019791
0.0197882
0.0197853
0.0197824
0.0197795
0.0197766
0.0197738
0.0197709
0.019768
0.0197651
0.0197622
0.0197593
0.0197564
0.0197535
0.0197506
0.0197477
0.0197449
0.019742
0.0197391
0.0197362
0.0197333
0.0197304
0.0197275
0.0197246
0.0197217
0.0197187
0.0197158
0.0197129
0.01971
0.0197071
0.0197042
0.0197013
0.0196984
0.0196955
0.0196926
0.0196896
0.0196867
0.0196838
0.0196809
0.019678
0.0196751
0.0196721
0.0196692
0.0196663
0.0196634
0.0196604
0.0196575
0.0196546
0.0196517
0.0196487
0.0196458
0.0196429
0.0196399
0.019637
0.0196341
0.0196311
0.0196282
0.0196253
0.0196223
0.0196194
0.0196164
0.0196135
0.0196106
0.0196076
0.0196047
0.0196017
0.0195988
0.0195958
0.0195929
0.0195899
0.019587
0.019584
0.0195811
0.0195781
0.0195752
0.0195722
0.0195693
0.0195663
0.0195634
0.0195604
0.0195574
0.0195545
0.0195515
0.0195486
0.0195456
0.0195426
0.0195397
0.0195367
0.0195337
0.0195308
0.0195278
0.0195248
0.0195219
0.0195189
0.0195159
0.0195129
0.01951
0.019507
0.019504
0.019501
0.019498
0.0194951
0.0194921
0.0194891
0.0194861
0.0194831
0.0194802
0.0194772
0.0194742
0.0194712
0.0194682
0.0194652
0.0194622
0.0194592
0.0194563
0.0194533
0.0194503
0.0194473
0.0194443
0.0194413
0.0194383
0.0194353
0.0194323
0.0194293
0.0194263
0.0194233
0.0194203
0.0194173
0.0194143
0.0194113
0.0194083
0.0194053
0.0194023
0.0193992
0.0193962
0.0193932
0.0193902
0.0193872
0.0193842
0.0193812
0.0193782
0.0193751
0.0193721
0.0193691
0.0193661
0.0193631
0.0193601
0.019357
0.019354
0.019351
0.019348
0.0193449
0.0193419
0.0193389
0.0193359
0.0193328
0.0193298
0.0193268
0.0193238
0.0193207
0.0193177
0.0193147
0.0193116
0.0193086
0.0193056
0.0193025
0.0192995
0.0192964
0.0192934
0.0192904
0.0192873
0.0192843
0.0192812
0.0192782
0.0192752
0.0192721
0.0192691
0.019266
0.019263
0.0192599
0.0192569
0.0192538
0.0192508
0.0192477
0.0192447
0.0192416
0.0192386
0.0192355
0.0192325
0.0192294
0.0192264
0.0192233
0.0192202
0.0192172
0.0192141
0.0192111
0.019208
0.0192049
0.0192019
0.0191988
0.0191958
0.0191927
0.0191896
0.0191866
0.0191835
0.0191804
0.0191774
0.0191743
0.0191712
0.0191682
0.0191651
0.019162
0.0191589
0.0191559
0.0191528
0.0191497
0.0191466
0.0191436
0.0191405
0.0191374
0.0191343
0.0191312
0.0191282
0.0191251
0.019122
0.0191189
0.0191158
0.0191127
0.0191097
0.0191066
0.0191035
0.0191004
0.0190973
0.0190942
0.0190911
0.019088
0.019085
0.0190819
0.0190788
0.0190757
0.0190726
0.0190695
0.0190664
0.0190633
0.0190602
0.0190571
0.019054
0.0190509
0.0190478
0.0190447
0.0190416
0.0190385
0.0190354
0.0190323
0.0190292
0.0190261
0.019023
0.0190199
0.0190168
0.0190137
0.0190106
0.0190075
0.0190044
0.0190012
0.0189981
0.018995
0.0189919
0.0189888
0.0189857
0.0189826
0.0189795
0.0189763
0.0189732
0.0189701
0.018967
0.0189639
0.0189608
0.0189576
0.0189545
0.0189514
0.0189483
0.0189452
0.018942
0.0189389
0.0189358
0.0189327
0.0189295
0.0189264
0.0189233
0.0189202
0.018917
0.0189139
0.0189108
0.0189077
0.0189045
0.0189014
0.0188983
0.0188951
0.018892
0.0188889
0.0188857
0.0188826
0.0188795
0.0188763
0.0188732
0.0188701
0.0188669
0.0188638
0.0188606
0.0188575
0.0188544
0.0188512
0.0188481
0.0188449
0.0188418
0.0188387
0.0188355
0.0188324
0.0188292
0.0188261
0.0188229
0.0188198
0.0188166
0.0188135
0.0188103
0.0188072
0.0188041
0.0188009
0.0187978
0.0187946
0.0187914
0.0187883
0.0187851
0.018782
0.0187788
0.0187757
0.0187725
0.0187694
0.0187662
0.0187631
0.0187599
0.0187568
0.0187536
0.0187504
0.0187473
0.0187441
0.018741
0.0187378
0.0187346
0.0187315
0.0187283
0.0187251
0.018722
0.0187188
0.0187157
0.0187125
0.0187093
0.0187062
0.018703
0.0186998
0.0186967
0.0186935
0.0186903
0.0186872
0.018684
0.0186808
0.0186776
0.0186745
0.0186713
0.0186681
0.018665
0.0186618
0.0186586
0.0186554
0.0186523
0.0186491
0.0186459
0.0186427
0.0186396
0.0186364
0.0186332
0.01863
0.0186268
0.0186237
0.0186205
0.0186173
0.0186141
0.0186109
0.0186078
0.0186046
0.0186014
0.0185982
0.018595
0.0185919
0.0185887
0.0185855
0.0185823
0.0185791
0.0185759
0.0185727
0.0185696
0.0185664
0.0185632
0.01856
0.0185568
0.0185536
0.0185504
0.0185472
0.018544
0.0185409
0.0185377
0.0185345
0.0185313
0.0185281
0.0185249
0.0185217
0.0185185
0.0185153
0.0185121
0.0185089
0.0185057
0.0185025
0.0184993
0.0184961
0.0184929
0.0184897
0.0184865
0.0184833
0.0184801
0.0184769
0.0184737
0.0184705
0.0184673
0.0184641
0.0184609
0.0184577
0.0184545
0.0184513
0.0184481
0.0184449
0.0184417
0.0184385
0.0184353
0.0184321
0.0184289
0.0184257
0.0184225
0.0184193
0.0184161
0.0184129
0.0184097
0.0184065
0.0184033
0.0184
0.0183968
0.0183936
0.0183904
0.0183872
0.018384
0.0183808
0.0183776
0.0183744
0.0183712
0.0183679
0.0183647
0.0183615
0.0183583
0.0183551
0.0183519
0.0183487
0.0183454
0.0183422
0.018339
0.0183358
0.0183326
0.0183294
0.0183262
0.0183229
0.0183197
0.0183165
0.0183133
0.0183101
0.0183068
0.0183036
0.0183004
0.0182972
0.018294
0.0182907
0.0182875
0.0182843
0.0182811
0.0182779
0.0182746
0.0182714
0.0182682
0.018265
0.0182618
0.0182585
0.0182553
0.0182521
0.0182489
0.0182456
0.0182424
0.0182392
0.018236
0.0182327
0.0182295
0.0182263
0.0182231
0.0182198
0.0182166
0.0182134
0.0182102
0.0182069
0.0182037
0.0182005
0.0181972
0.018194
0.0181908
0.0181876
0.0181843
0.0181811
0.0181779
0.0181746
0.0181714
0.0181682
0.0181649
0.0181617
0.0181585
0.0181552
0.018152
0.0181488
0.0181456
0.0181423
0.0181391
0.0181359
0.0181326
0.0181294
0.0181262
0.0181229
0.0181197
0.0181165
0.0181132
0.01811
0.0181067
0.0181035
0.0181003
0.018097
0.0180938
0.0180906
0.0180873
0.0180841
0.0180809
0.0180776
0.0180744
0.0180711
0.0180679
0.0180647
0.0180614
0.0180582
0.018055
0.0180517
0.0180485
0.0180452
0.018042
0.0180388
0.0180355
0.0180323
0.018029
0.0180258
0.0180226
0.0180193
0.0180161
0.0180128
0.0180096
0.0180064
0.0180031
0.0179999
0.0179966
0.0179934
0.0179902
0.0179869
0.0179837
0.0179804
0.0179772
0.0179739
0.0179707
0.0179675
0.0179642
0.017961
0.0179577
0.0179545
0.0179512
0.017948
0.0179448
0.0179415
0.0179383
0.017935
0.0179318
0.0179285
0.0179253
0.017922
0.0179188
0.0179156
0.0179123
0.0179091
0.0179058
0.0179026
0.0178993
0.0178961
0.0178928
0.0178896
0.0178864
0.0178831
0.0178799
0.0178766
0.0178734
0.0178701
0.0178669
0.0178636
0.0178604
0.0178571
0.0178539
0.0178506
0.0178474
0.0178441
0.0178409
0.0178377
0.0178344
0.0178312
0.0178279
0.0178247
0.0178214
0.0178182
0.0178149
0.0178117
0.0178084
0.0178052
0.0178019
0.0177987
0.0177954
0.0177922
0.0177889
0.0177857
0.0177824
0.0177792
0.0177759
0.0177727
0.0177694
0.0177662
0.017763
0.0177597
0.0177565
0.0177532
0.01775
0.0177467
0.0177435
0.0177402
0.017737
0.0177337
0.0177305
0.0177272
0.017724
0.0177207
0.0177175
0.0177142
0.017711
0.0177077
0.0177045
0.0177012
0.017698
0.0176947
0.0176915
0.0176882
0.017685
0.0176817
0.0176785
0.0176752
0.017672
0.0176687
0.0176655
0.0176622
0.017659
0.0176557
0.0176525
0.0176492
0.017646
0.0176427
0.0176395
0.0176363
0.017633
0.0176298
0.0176265
0.0176233
0.01762
0.0176168
0.0176135
0.0176103
0.017607
0.0176038
0.0176005
0.0175973
0.017594
0.0175908
0.0175875
0.0175843
0.017581
0.0175778
0.0175745
0.0175713
0.017568
0.0175648
0.0175615
0.0175583
0.017555
0.0175518
0.0175486
0.0175453
0.0175421
0.0175388
0.0175356
0.0175323
0.0175291
0.0175258
0.0175226
0.0175193
0.0175161
0.0175128
0.0175096
0.0175063
0.0175031
0.0174999
0.0174966
0.0174934
0.0174901
0.0174869
0.0174836
0.0174804
0.0174771
0.0174739
0.0174706
0.0174674
0.0174642
0.0174609
0.0174577
0.0174544
0.0174512
0.0174479
0.0174447
0.0174414
0.0174382
0.017435
0.0174317
0.0174285
0.0174252
0.017422
0.0174187
0.0174155
0.0174123
0.017409
0.0174058
0.0174025
0.0173993
0.017396
0.0173928
0.0173896
0.0173863
0.0173831
0.0173798
0.0173766
0.0173734
0.0173701
0.0173669
0.0173636
0.0173604
0.0173572
0.0173539
0.0173507
0.0173474
0.0173442
0.017341
0.0173377
0.0173345
0.0173312
0.017328
0.0173248
0.0173215
0.0173183
0.017315
0.0173118
0.0173086
0.0173053
0.0173021
0.0172989
0.0172956
0.0172924
0.0172892
0.0172859
0.0172827
0.0172794
0.0172762
0.017273
0.0172697
0.0172665
0.0172633
0.01726
0.0172568
0.0172536
0.0172503
0.0172471
0.0172439
0.0172406
0.0172374
0.0172342
0.0172309
0.0172277
0.0172245
0.0172212
0.017218
0.0172148
0.0172115
0.0172083
0.0172051
0.0172019
0.0171986
0.0171954
0.0171922
0.0171889
0.0171857
0.0171825
0.0171793
0.017176
0.0171728
0.0171696
0.0171663
0.0171631
0.0171599
0.0171567
0.0171534
0.0171502
0.017147
0.0171438
0.0171405
0.0171373
0.0171341
0.0171309
0.0171276
0.0171244
0.0171212
0.017118
0.0171147
0.0171115
0.0171083
0.0171051
0.0171019
0.0170986
0.0170954
0.0170922
0.017089
0.0170858
0.0170825
0.0170793
0.0170761
0.0170729
0.0170697
0.0170664
0.0170632
0.01706
0.0170568
0.0170536
0.0170504
0.0170471
0.0170439
0.0170407
0.0170375
0.0170343
0.0170311
0.0170279
0.0170246
0.0170214
0.0170182
0.017015
0.0170118
0.0170086
0.0170054
0.0170022
0.0169989
0.0169957
0.0169925
0.0169893
0.0169861
0.0169829
0.0169797
0.0169765
0.0169733
0.0169701
0.0169669
0.0169636
0.0169604
0.0169572
0.016954
0.0169508
0.0169476
0.0169444
0.0169412
0.016938
0.0169348
0.0169316
0.0169284
0.0169252
0.016922
0.0169188
0.0169156
0.0169124
0.0169092
0.016906
0.0169028
0.0168996
0.0168964
0.0168932
0.01689
0.0168868
0.0168836
0.0168804
0.0168772
0.016874
0.0168708
0.0168676
0.0168644
0.0168612
0.016858
0.0168548
0.0168517
0.0168485
0.0168453
0.0168421
0.0168389
0.0168357
0.0168325
0.0168293
0.0168261
0.0168229
0.0168197
0.0168166
0.0168134
0.0168102
0.016807
0.0168038
0.0168006
0.0167974
0.0167943
0.0167911
0.0167879
0.0167847
0.0167815
0.0167783
0.0167752
0.016772
0.0167688
0.0167656
0.0167624
0.0167593
0.0167561
0.0167529
0.0167497
0.0167465
0.0167434
0.0167402
0.016737
0.0167338
0.0167307
0.0167275
0.0167243
0.0167211
0.016718
0.0167148
0.0167116
0.0167084
0.0167053
0.0167021
0.0166989
0.0166958
0.0166926
0.0166894
0.0166863
0.0166831
0.0166799
0.0166768
0.0166736
0.0166704
0.0166673
0.0166641
0.0166609
0.0166578
0.0166546
0.0166514
0.0166483
0.0166451
0.016642
0.0166388
0.0166356
0.0166325
0.0166293
0.0166262
0.016623
0.0166198
0.0166167
0.0166135
0.0166104
0.0166072
0.0166041
0.0166009
0.0165978
0.0165946
0.0165915
0.0165883
0.0165852
0.016582
0.0165789
0.0165757
0.0165726
0.0165694
0.0165663
0.0165631
0.01656
0.0165568
0.0165537
0.0165505
0.0165474
0.0165442
0.0165411
0.016538
0.0165348
0.0165317
0.0165285
0.0165254
0.0165223
0.0165191
0.016516
0.0165128
0.0165097
0.0165066
0.0165034
0.0165003
0.0164972
0.016494
0.0164909
0.0164878
0.0164846
0.0164815
0.0164784
0.0164752
0.0164721
0.016469
0.0164659
0.0164627
0.0164596
0.0164565
0.0164533
0.0164502
0.0164471
0.016444
0.0164409
0.0164377
0.0164346
0.0164315
0.0164284
0.0164252
0.0164221
0.016419
0.0164159
0.0164128
0.0164097
0.0164065
0.0164034
0.0164003
0.0163972
0.0163941
0.016391
0.0163879
0.0163847
0.0163816
0.0163785
0.0163754
0.0163723
0.0163692
0.0163661
0.016363
0.0163599
0.0163568
0.0163537
0.0163506
0.0163475
0.0163444
0.0163413
0.0163382
0.0163351
0.016332
0.0163289
0.0163258
0.0163227
0.0163196
0.0163165
0.0163134
0.0163103
0.0163072
0.0163041
0.016301
0.0162979
0.0162948
0.0162917
0.0162886
0.0162856
0.0162825
0.0162794
0.0162763
0.0162732
0.0162701
0.016267
0.0162639
0.0162609
0.0162578
0.0162547
0.0162516
0.0162485
0.0162455
0.0162424
0.0162393
0.0162362
0.0162331
0.0162301
0.016227
0.0162239
0.0162209
0.0162178
0.0162147
0.0162116
0.0162086
0.0162055
0.0162024
0.0161994
0.0161963
0.0161932
0.0161902
0.0161871
0.016184
0.016181
0.0161779
0.0161748
0.0161718
0.0161687
0.0161657
0.0161626
0.0161595
0.0161565
0.0161534
0.0161504
0.0161473
0.0161443
0.0161412
0.0161382
0.0161351
0.0161321
0.016129
0.016126
0.0161229
0.0161199
0.0161168
0.0161138
0.0161107
0.0161077
0.0161046
0.0161016
0.0160985
0.0160955
0.0160925
0.0160894
0.0160864
0.0160834
0.0160803
0.0160773
0.0160742
0.0160712
0.0160682
0.0160651
0.0160621
0.0160591
0.016056
0.016053
0.01605
0.016047
0.0160439
0.0160409
0.0160379
0.0160349
0.0160318
0.0160288
0.0160258
0.0160228
0.0160198
0.0160167
0.0160137
0.0160107
0.0160077
0.0160047
0.0160016
0.0159986
0.0159956
0.0159926
0.0159896
0.0159866
0.0159836
0.0159806
0.0159776
0.0159746
0.0159715
0.0159685
0.0159655
0.0159625
0.0159595
0.0159565
0.0159535
0.0159505
0.0159475
0.0159445
0.0159415
0.0159385
0.0159355
0.0159325
0.0159296
0.0159266
0.0159236
0.0159206
0.0159176
0.0159146
0.0159116
0.0159086
0.0159056
0.0159026
0.0158997
0.0158967
0.0158937
0.0158907
0.0158877
0.0158848
0.0158818
0.0158788
0.0158758
0.0158728
0.0158699
0.0158669
0.0158639
0.0158609
0.015858
0.015855
0.015852
0.0158491
0.0158461
0.0158431
0.0158402
0.0158372
0.0158342
0.0158313
0.0158283
0.0158254
0.0158224
0.0158194
0.0158165
0.0158135
0.0158106
0.0158076
0.0158047
0.0158017
0.0157987
0.0157958
0.0157928
0.0157899
0.0157869
0.015784
0.0157811
0.0157781
0.0157752
0.0157722
0.0157693
0.0157663
0.0157634
0.0157605
0.0157575
0.0157546
0.0157516
0.0157487
0.0157458
0.0157428
0.0157399
0.015737
0.015734
0.0157311
0.0157282
0.0157253
0.0157223
0.0157194
0.0157165
0.0157136
0.0157106
0.0157077
0.0157048
0.0157019
0.015699
0.015696
0.0156931
0.0156902
0.0156873
0.0156844
0.0156815
0.0156786
0.0156756
0.0156727
0.0156698
0.0156669
0.015664
0.0156611
0.0156582
0.0156553
0.0156524
0.0156495
0.0156466
0.0156437
0.0156408
0.0156379
0.015635
0.0156321
0.0156292
0.0156263
0.0156234
0.0156205
0.0156177
0.0156148
0.0156119
0.015609
0.0156061
0.0156032
0.0156003
0.0155975
0.0155946
0.0155917
0.0155888
0.0155859
0.0155831
0.0155802
0.0155773
0.0155744
0.0155716
0.0155687
0.0155658
0.015563
0.0155601
0.0155572
0.0155544
0.0155515
0.0155486
0.0155458
0.0155429
0.0155401
0.0155372
0.0155343
0.0155315
0.0155286
0.0155258
0.0155229
0.0155201
0.0155172
0.0155144
0.0155115
0.0155087
0.0155058
0.015503
0.0155001
0.0154973
0.0154944
0.0154916
0.0154888
0.0154859
0.0154831
0.0154803
0.0154774
0.0154746
0.0154718
0.0154689
0.0154661
0.0154633
0.0154604
0.0154576
0.0154548
0.015452
0.0154491
0.0154463
0.0154435
0.0154407
0.0154378
0.015435
0.0154322
0.0154294
0.0154266
0.0154238
0.015421
0.0154181
0.0154153
0.0154125
0.0154097
0.0154069
0.0154041
0.0154013
0.0153985
0.0153957
0.0153929
0.0153901
0.0153873
0.0153845
0.0153817
0.0153789
0.0153761
0.0153733
0.0153705
0.0153677
0.015365
0.0153622
0.0153594
0.0153566
0.0153538
0.015351
0.0153483
0.0153455
0.0153427
0.0153399
0.0153371
0.0153344
0.0153316
0.0153288
0.015326
0.0153233
0.0153205
0.0153177
0.015315
0.0153122
0.0153094
0.0153067
0.0153039
0.0153012
0.0152984
0.0152956
0.0152929
0.0152901
0.0152874
0.0152846
0.0152819
0.0152791
0.0152764
0.0152736
0.0152709
0.0152681
0.0152654
0.0152626
0.0152599
0.0152572
0.0152544
0.0152517
0.0152489
0.0152462
0.0152435
0.0152407
0.015238
0.0152353
0.0152325
0.0152298
0.0152271
0.0152244
0.0152216
0.0152189
0.0152162
0.0152135
0.0152108
0.015208
0.0152053
0.0152026
0.0151999
0.0151972
0.0151945
0.0151918
0.015189
0.0151863
0.0151836
0.0151809
0.0151782
0.0151755
0.0151728
0.0151701
0.0151674
0.0151647
0.015162
0.0151593
0.0151566
0.0151539
0.0151513
0.0151486
0.0151459
0.0151432
0.0151405
0.0151378
0.0151351
0.0151325
0.0151298
0.0151271
0.0151244
0.0151217
0.0151191
0.0151164
0.0151137
0.015111
0.0151084
0.0151057
0.015103
0.0151004
0.0150977
0.015095
0.0150924
0.0150897
0.0150871
0.0150844
0.0150817
0.0150791
0.0150764
0.0150738
0.0150711
0.0150685
0.0150658
0.0150632
0.0150605
0.0150579
0.0150553
0.0150526
0.01505
0.0150473
0.0150447
0.0150421
0.0150394
0.0150368
0.0150342
0.0150315
0.0150289
0.0150263
0.0150236
0.015021
0.0150184
0.0150158
0.0150132
0.0150105
0.0150079
0.0150053
0.0150027
0.0150001
0.0149975
0.0149948
0.0149922
0.0149896
0.014987
0.0149844
0.0149818
0.0149792
0.0149766
0.014974
0.0149714
0.0149688
0.0149662
0.0149636
0.014961
0.0149584
0.0149558
0.0149532
0.0149507
0.0149481
0.0149455
0.0149429
0.0149403
0.0149377
0.0149352
0.0149326
0.01493
0.0149274
0.0149249
0.0149223
0.0149197
0.0149171
0.0149146
0.014912
0.0149094
0.0149069
0.0149043
0.0149018
0.0148992
0.0148966
0.0148941
0.0148915
0.014889
0.0148864
0.0148839
0.0148813
0.0148788
0.0148762
0.0148737
0.0148711
0.0148686
0.0148661
0.0148635
0.014861
0.0148584
0.0148559
0.0148534
0.0148508
0.0148483
0.0148458
0.0148433
0.0148407
0.0148382
0.0148357
0.0148332
0.0148306
0.0148281
0.0148256
0.0148231
0.0148206
0.0148181
0.0148156
0.014813
0.0148105
0.014808
0.0148055
0.014803
0.0148005
0.014798
0.0147955
0.014793
0.0147905
0.014788
0.0147855
0.014783
0.0147806
0.0147781
0.0147756
0.0147731
0.0147706
0.0147681
0.0147656
0.0147632
0.0147607
0.0147582
0.0147557
0.0147533
0.0147508
0.0147483
0.0147458
0.0147434
0.0147409
0.0147384
0.014736
0.0147335
0.0147311
0.0147286
0.0147261
0.0147237
0.0147212
0.0147188
0.0147163
0.0147139
0.0147114
0.014709
0.0147065
0.0147041
0.0147017
0.0146992
0.0146968
0.0146943
0.0146919
0.0146895
0.014687
0.0146846
0.0146822
0.0146797
0.0146773
0.0146749
0.0146725
0.0146701
0.0146676
0.0146652
0.0146628
0.0146604
0.014658
0.0146556
0.0146531
0.0146507
0.0146483
0.0146459
0.0146435
0.0146411
0.0146387
0.0146363
0.0146339
0.0146315
0.0146291
0.0146267
0.0146243
0.0146219
0.0146196
0.0146172
0.0146148
0.0146124
0.01461
0.0146076
0.0146053
0.0146029
0.0146005
0.0145981
0.0145958
0.0145934
0.014591
0.0145886
0.0145863
0.0145839
0.0145815
0.0145792
0.0145768
0.0145745
0.0145721
0.0145698
0.0145674
0.014565
0.0145627
0.0145603
0.014558
0.0145557
0.0145533
0.014551
0.0145486
0.0145463
0.0145439
0.0145416
0.0145393
0.0145369
0.0145346
0.0145323
0.01453
0.0145276
0.0145253
0.014523
0.0145207
0.0145183
0.014516
0.0145137
0.0145114
0.0145091
0.0145068
0.0145045
0.0145021
0.0144998
0.0144975
0.0144952
0.0144929
0.0144906
0.0144883
0.014486
0.0144837
0.0144814
0.0144792
0.0144769
0.0144746
0.0144723
0.01447
0.0144677
0.0144654
0.0144632
0.0144609
0.0144586
0.0144563
0.0144541
0.0144518
0.0144495
0.0144472
0.014445
0.0144427
0.0144404
0.0144382
0.0144359
0.0144337
0.0144314
0.0144291
0.0144269
0.0144246
0.0144224
0.0144201
0.0144179
0.0144157
0.0144134
0.0144112
0.0144089
0.0144067
0.0144045
0.0144022
0.0144
0.0143978
0.0143955
0.0143933
0.0143911
0.0143888
0.0143866
0.0143844
0.0143822
0.01438
0.0143777
0.0143755
0.0143733
0.0143711
0.0143689
0.0143667
0.0143645
0.0143623
0.0143601
0.0143579
0.0143557
0.0143535
0.0143513
0.0143491
0.0143469
0.0143447
0.0143425
0.0143403
0.0143381
0.014336
0.0143338
0.0143316
0.0143294
0.0143272
0.0143251
0.0143229
0.0143207
0.0143185
0.0143164
0.0143142
0.014312
0.0143099
0.0143077
0.0143056
0.0143034
0.0143012
0.0142991
0.0142969
0.0142948
0.0142926
0.0142905
0.0142883
0.0142862
0.0142841
0.0142819
0.0142798
0.0142776
0.0142755
0.0142734
0.0142712
0.0142691
0.014267
0.0142649
0.0142627
0.0142606
0.0142585
0.0142564
0.0142543
0.0142521
0.01425
0.0142479
0.0142458
0.0142437
0.0142416
0.0142395
0.0142374
0.0142353
0.0142332
0.0142311
0.014229
0.0142269
0.0142248
0.0142227
0.0142206
0.0142185
0.0142164
0.0142144
0.0142123
0.0142102
0.0142081
0.014206
0.014204
0.0142019
0.0141998
0.0141978
0.0141957
0.0141936
0.0141916
0.0141895
0.0141874
0.0141854
0.0141833
0.0141813
0.0141792
0.0141772
0.0141751
0.0141731
0.014171
0.014169
0.0141669
0.0141649
0.0141628
0.0141608
0.0141588
0.0141567
0.0141547
0.0141527
0.0141507
0.0141486
0.0141466
0.0141446
0.0141426
0.0141405
0.0141385
0.0141365
0.0141345
0.0141325
0.0141305
0.0141285
0.0141265
0.0141245
0.0141225
0.0141205
0.0141185
0.0141165
0.0141145
0.0141125
0.0141105
0.0141085
0.0141065
0.0141045
0.0141025
0.0141005
0.0140986
0.0140966
0.0140946
0.0140926
0.0140907
0.0140887
0.0140867
0.0140848
0.0140828
0.0140808
0.0140789
0.0140769
0.014075
0.014073
0.014071
0.0140691
0.0140671
0.0140652
0.0140632
0.0140613
0.0140594
0.0140574
0.0140555
0.0140535
0.0140516
0.0140497
0.0140477
0.0140458
0.0140439
0.014042
0.01404
0.0140381
0.0140362
0.0140343
0.0140324
0.0140304
0.0140285
0.0140266
0.0140247
0.0140228
0.0140209
0.014019
0.0140171
0.0140152
0.0140133
0.0140114
0.0140095
0.0140076
0.0140057
0.0140038
0.0140019
0.0140001
0.0139982
0.0139963
0.0139944
0.0139925
0.0139907
0.0139888
0.0139869
0.013985
0.0139832
0.0139813
0.0139794
0.0139776
0.0139757
0.0139739
0.013972
0.0139702
0.0139683
0.0139665
0.0139646
0.0139628
0.0139609
0.0139591
0.0139572
0.0139554
0.0139536
0.0139517
0.0139499
0.0139481
0.0139462
0.0139444
0.0139426
0.0139408
0.0139389
0.0139371
0.0139353
0.0139335
0.0139317
0.0139299
0.013928
0.0139262
0.0139244
0.0139226
0.0139208
0.013919
0.0139172
0.0139154
0.0139136
0.0139118
0.0139101
0.0139083
0.0139065
0.0139047
0.0139029
0.0139011
0.0138993
0.0138976
0.0138958
0.013894
0.0138923
0.0138905
0.0138887
0.013887
0.0138852
0.0138834
0.0138817
0.0138799
0.0138782
0.0138764
0.0138747
0.0138729
0.0138712
0.0138694
0.0138677
0.0138659
0.0138642
0.0138624
0.0138607
0.013859
0.0138572
0.0138555
0.0138538
0.0138521
0.0138503
0.0138486
0.0138469
0.0138452
0.0138435
0.0138417
0.01384
0.0138383
0.0138366
0.0138349
0.0138332
0.0138315
0.0138298
0.0138281
0.0138264
0.0138247
0.013823
0.0138213
0.0138196
0.013818
0.0138163
0.0138146
0.0138129
0.0138112
0.0138096
0.0138079
0.0138062
0.0138045
0.0138029
0.0138012
0.0137995
0.0137979
0.0137962
0.0137946
0.0137929
0.0137913
0.0137896
0.013788
0.0137863
0.0137847
0.013783
0.0137814
0.0137797
0.0137781
0.0137765
0.0137748
0.0137732
0.0137716
0.0137699
0.0137683
0.0137667
0.0137651
0.0137634
0.0137618
0.0137602
0.0137586
0.013757
0.0137554
0.0137538
0.0137522
0.0137506
0.013749
0.0137474
0.0137458
0.0137442
0.0137426
0.013741
0.0137394
0.0137378
0.0137362
0.0137346
0.013733
0.0137315
0.0137299
0.0137283
0.0137267
0.0137252
0.0137236
0.013722
0.0137205
0.0137189
0.0137173
0.0137158
0.0137142
0.0137127
0.0137111
0.0137096
0.013708
0.0137065
0.0137049
0.0137034
0.0137018
0.0137003
0.0136988
0.0136972
0.0136957
0.0136942
0.0136926
0.0136911
0.0136896
0.0136881
0.0136866
0.013685
0.0136835
0.013682
0.0136805
0.013679
0.0136775
0.013676
0.0136745
0.013673
0.0136715
0.01367
0.0136685
0.013667
0.0136655
0.013664
0.0136625
0.013661
0.0136595
0.0136581
0.0136566
0.0136551
0.0136536
0.0136522
0.0136507
0.0136492
0.0136478
0.0136463
0.0136448
0.0136434
0.0136419
0.0136405
0.013639
0.0136376
0.0136361
0.0136347
0.0136332
0.0136318
0.0136303
0.0136289
0.0136274
0.013626
0.0136246
0.0136231
0.0136217
0.0136203
0.0136189
0.0136174
0.013616
0.0136146
0.0136132
0.0136118
0.0136104
0.013609
0.0136075
0.0136061
0.0136047
0.0136033
0.0136019
0.0136005
0.0135991
0.0135978
0.0135964
0.013595
0.0135936
0.0135922
0.0135908
0.0135894
0.0135881
0.0135867
0.0135853
0.0135839
0.0135826
0.0135812
0.0135798
0.0135785
0.0135771
0.0135758
0.0135744
0.013573
0.0135717
0.0135703
0.013569
0.0135676
0.0135663
0.013565
0.0135636
0.0135623
0.0135609
0.0135596
0.0135583
0.0135569
0.0135556
0.0135543
0.013553
0.0135517
0.0135503
0.013549
0.0135477
0.0135464
0.0135451
0.0135438
0.0135425
0.0135412
0.0135399
0.0135386
0.0135373
0.013536
0.0135347
0.0135334
0.0135321
0.0135308
0.0135295
0.0135282
0.013527
0.0135257
0.0135244
0.0135231
0.0135219
0.0135206
0.0135193
0.0135181
0.0135168
0.0135155
0.0135143
0.013513
0.0135118
0.0135105
0.0135093
0.013508
0.0135068
0.0135055
0.0135043
0.013503
0.0135018
0.0135006
0.0134993
0.0134981
0.0134969
0.0134956
0.0134944
0.0134932
0.013492
0.0134908
0.0134895
0.0134883
0.0134871
0.0134859
0.0134847
0.0134835
0.0134823
0.0134811
0.0134799
0.0134787
0.0134775
0.0134763
0.0134751
0.0134739
0.0134727
0.0134716
0.0134704
0.0134692
0.013468
0.0134669
0.0134657
0.0134645
0.0134633
0.0134622
0.013461
0.0134599
0.0134587
0.0134575
0.0134564
0.0134552
0.0134541
0.0134529
0.0134518
0.0134506
0.0134495
0.0134484
0.0134472
0.0134461
0.0134449
0.0134438
0.0134427
0.0134416
0.0134404
0.0134393
0.0134382
0.0134371
0.013436
0.0134348
0.0134337
0.0134326
0.0134315
0.0134304
0.0134293
0.0134282
0.0134271
0.013426
0.0134249
0.0134238
0.0134227
0.0134217
0.0134206
0.0134195
0.0134184
0.0134173
0.0134162
0.0134152
0.0134141
0.013413
0.013412
0.0134109
0.0134098
0.0134088
0.0134077
0.0134067
0.0134056
0.0134046
0.0134035
0.0134025
0.0134014
0.0134004
0.0133993
0.0133983
0.0133973
0.0133962
0.0133952
0.0133942
0.0133931
0.0133921
0.0133911
0.0133901
0.013389
0.013388
0.013387
0.013386
0.013385
0.013384
0.013383
0.013382
0.013381
0.01338
0.013379
0.013378
0.013377
0.013376
0.013375
0.013374
0.013373
0.0133721
0.0133711
0.0133701
0.0133691
0.0133682
0.0133672
0.0133662
0.0133652
0.0133643
0.0133633
0.0133624
0.0133614
0.0133605
0.0133595
0.0133585
0.0133576
0.0133567
0.0133557
0.0133548
0.0133538
0.0133529
0.013352
0.013351
0.0133501
0.0133492
0.0133482
0.0133473
0.0133464
0.0133455
0.0133446
0.0133437
0.0133427
0.0133418
0.0133409
0.01334
0.0133391
0.0133382
0.0133373
0.0133364
0.0133355
0.0133346
0.0133337
0.0133329
0.013332
0.0133311
0.0133302
0.0133293
0.0133284
0.0133276
0.0133267
0.0133258
0.013325
0.0133241
0.0133232
0.0133224
0.0133215
0.0133207
0.0133198
0.013319
0.0133181
0.0133173
0.0133164
0.0133156
0.0133147
0.0133139
0.0133131
0.0133122
0.0133114
0.0133106
0.0133097
0.0133089
0.0133081
0.0133073
0.0133065
0.0133056
0.0133048
0.013304
0.0133032
0.0133024
0.0133016
0.0133008
0.0133
0.0132992
0.0132984
0.0132976
0.0132968
0.013296
0.0132952
0.0132945
0.0132937
0.0132929
0.0132921
0.0132913
0.0132906
0.0132898
0.013289
0.0132883
0.0132875
0.0132867
0.013286
0.0132852
0.0132845
0.0132837
0.013283
0.0132822
0.0132815
0.0132807
0.01328
0.0132792
0.0132785
0.0132778
0.013277
0.0132763
0.0132756
0.0132749
0.0132741
0.0132734
0.0132727
0.013272
0.0132713
0.0132706
0.0132699
0.0132691
0.0132684
0.0132677
0.013267
0.0132663
0.0132656
0.013265
0.0132643
0.0132636
0.0132629
0.0132622
0.0132615
0.0132608
0.0132602
0.0132595
0.0132588
0.0132581
0.0132575
0.0132568
0.0132561
0.0132555
0.0132548
0.0132542
0.0132535
0.0132529
0.0132522
0.0132516
0.0132509
0.0132503
0.0132496
0.013249
0.0132484
0.0132477
0.0132471
0.0132465
0.0132458
0.0132452
0.0132446
0.013244
0.0132434
0.0132427
0.0132421
0.0132415
0.0132409
0.0132403
0.0132397
0.0132391
0.0132385
0.0132379
0.0132373
0.0132367
0.0132361
0.0132355
0.0132349
0.0132344
0.0132338
0.0132332
0.0132326
0.0132321
0.0132315
0.0132309
0.0132303
0.0132298
0.0132292
0.0132287
0.0132281
0.0132275
0.013227
0.0132264
0.0132259
0.0132253
0.0132248
0.0132242
0.0132237
0.0132232
0.0132226
0.0132221
0.0132216
0.013221
0.0132205
0.01322
0.0132195
0.013219
0.0132184
0.0132179
0.0132174
0.0132169
0.0132164
0.0132159
0.0132154
0.0132149
0.0132144
0.0132139
0.0132134
0.0132129
0.0132124
0.0132119
0.0132114
0.013211
0.0132105
0.01321
0.0132095
0.0132091
0.0132086
0.0132081
0.0132076
0.0132072
0.0132067
0.0132063
0.0132058
0.0132053
0.0132049
0.0132044
0.013204
0.0132036
0.0132031
0.0132027
0.0132022
0.0132018
0.0132014
0.0132009
0.0132005
0.0132001
0.0131996
0.0131992
0.0131988
0.0131984
0.013198
0.0131976
0.0131971
0.0131967
0.0131963
0.0131959
0.0131955
0.0131951
0.0131947
0.0131943
0.0131939
0.0131936
0.0131932
0.0131928
0.0131924
0.013192
0.0131916
0.0131913
0.0131909
0.0131905
0.0131901
0.0131898
0.0131894
0.0131891
0.0131887
0.0131883
0.013188
0.0131876
0.0131873
0.0131869
0.0131866
0.0131862
0.0131859
0.0131856
0.0131852
0.0131849
0.0131846
0.0131842
0.0131839
0.0131836
0.0131832
0.0131829
0.0131826
0.0131823
0.013182
0.0131817
0.0131814
0.0131811
0.0131807
0.0131804
0.0131801
0.0131798
0.0131796
0.0131793
0.013179
0.0131787
0.0131784
0.0131781
0.0131778
0.0131776
0.0131773
0.013177
0.0131767
0.0131765
0.0131762
0.0131759
0.0131757
0.0131754
0.0131751
0.0131749
0.0131746
0.0131744
0.0131741
0.0131739
0.0131737
0.0131734
0.0131732
0.0131729
0.0131727
0.0131725
0.0131722
0.013172
0.0131718
0.0131716
0.0131713
0.0131711
0.0131709
0.0131707
0.0131705
0.0131703
0.0131701
0.0131699
0.0131697
0.0131695
0.0131693
0.0131691
0.0131689
0.0131687
0.0131685
0.0131683
0.0131681
0.0131679
0.0131678
0.0131676
0.0131674
0.0131672
0.0131671
0.0131669
0.0131667
0.0131666
0.0131664
0.0131663
0.0131661
0.0131659
0.0131658
0.0131657
0.0131655
0.0131654
0.0131652
0.0131651
0.0131649
0.0131648
0.0131647
0.0131645
0.0131644
0.0131643
0.0131642
0.013164
0.0131639
0.0131638
0.0131637
0.0131636
0.0131635
0.0131634
0.0131633
0.0131632
0.0131631
0.013163
0.0131629
0.0131628
0.0131627
0.0131626
0.0131625
0.0131624
0.0131624
0.0131623
0.0131622
0.0131621
0.0131621
0.013162
0.0131619
0.0131619
0.0131618
0.0131617
0.0131617
0.0131616
0.0131616
0.0131615
0.0131615
0.0131614
0.0131614
0.0131613
0.0131613
0.0131613
0.0131612
0.0131612
0.0131612
0.0131611
0.0131611
0.0131611
0.0131611
0.013161
0.013161
0.013161
0.013161
0.013161
0.013161
0.013161
0.013161
0.013161
0.013161
0.013161
0.013161
0.013161
0.013161
0.013161
0.0131611
0.0131611
0.0131611
0.0131611
0.0131611
0.0131612
0.0131612
0.0131612
0.0131613
0.0131613
0.0131613
0.0131614
0.0131614
0.0131615
0.0131615
0.0131616
0.0131616
0.0131617
0.0131618
0.0131618
0.0131619
0.0131619
0.013162
0.0131621
0.0131622
0.0131622
0.0131623
0.0131624
0.0131625
0.0131626
0.0131626
0.0131627
0.0131628
0.0131629
0.013163
0.0131631
0.0131632
0.0131633
0.0131634
0.0131635
0.0131636
0.0131637
0.0131639
0.013164
0.0131641
0.0131642
0.0131643
0.0131645
0.0131646
0.0131647
0.0131649
0.013165
0.0131651
0.0131653
0.0131654
0.0131656
0.0131657
0.0131659
0.013166
0.0131662
0.0131663
0.0131665
0.0131666
0.0131668
0.013167
0.0131671
0.0131673
0.0131675
0.0131677
0.0131678
0.013168
0.0131682
0.0131684
0.0131686
0.0131688
0.013169
0.0131691
0.0131693
0.0131695
0.0131697
0.0131699
0.0131701
0.0131704
0.0131706
0.0131708
0.013171
0.0131712
0.0131714
0.0131717
0.0131719
0.0131721
0.0131723
0.0131726
0.0131728
0.013173
0.0131733
0.0131735
0.0131738
0.013174
0.0131742
0.0131745
0.0131747
0.013175
0.0131753
0.0131755
0.0131758
0.013176
0.0131763
0.0131766
0.0131768
0.0131771
0.0131774
0.0131777
0.0131779
0.0131782
0.0131785
0.0131788
0.0131791
0.0131794
0.0131797
0.01318
0.0131803
0.0131806
0.0131809
0.0131812
0.0131815
0.0131818
0.0131821
0.0131824
0.0131827
0.0131831
0.0131834
0.0131837
0.013184
0.0131844
0.0131847
0.013185
0.0131854
0.0131857
0.013186
0.0131864
0.0131867
0.0131871
0.0131874
0.0131878
0.0131881
0.0131885
0.0131888
0.0131892
0.0131896
0.0131899
0.0131903
0.0131907
0.013191
0.0131914
0.0131918
0.0131922
0.0131926
0.0131929
0.0131933
0.0131937
0.0131941
0.0131945
0.0131949
0.0131953
0.0131957
0.0131961
0.0131965
0.0131969
0.0131973
0.0131977
0.0131981
0.0131986
0.013199
0.0131994
0.0131998
0.0132002
0.0132007
0.0132011
0.0132015
0.013202
0.0132024
0.0132028
0.0132033
0.0132037
0.0132042
0.0132046
0.0132051
0.0132055
0.013206
0.0132064
0.0132069
0.0132074
0.0132078
0.0132083
0.0132088
0.0132092
0.0132097
0.0132102
0.0132107
0.0132112
0.0132116
0.0132121
0.0132126
0.0132131
0.0132136
0.0132141
0.0132146
0.0132151
0.0132156
0.0132161
0.0132166
0.0132171
0.0132176
0.0132181
0.0132186
0.0132192
0.0132197
0.0132202
0.0132207
0.0132213
0.0132218
0.0132223
0.0132229
0.0132234
0.0132239
0.0132245
0.013225
0.0132256
0.0132261
0.0132267
0.0132272
0.0132278
0.0132283
0.0132289
0.0132294
0.01323
0.0132306
0.0132311
0.0132317
0.0132323
0.0132329
0.0132334
0.013234
0.0132346
0.0132352
0.0132358
0.0132364
0.013237
0.0132375
0.0132381
0.0132387
0.0132393
0.0132399
0.0132405
0.0132412
0.0132418
0.0132424
0.013243
0.0132436
0.0132442
0.0132448
0.0132455
0.0132461
0.0132467
0.0132474
0.013248
0.0132486
0.0132493
0.0132499
0.0132505
0.0132512
0.0132518
0.0132525
0.0132531
0.0132538
0.0132544
0.0132551
0.0132558
0.0132564
0.0132571
0.0132578
0.0132584
0.0132591
0.0132598
0.0132604
0.0132611
0.0132618
0.0132625
0.0132632
0.0132639
0.0132645
0.0132652
0.0132659
0.0132666
0.0132673
0.013268
0.0132687
0.0132694
0.0132701
0.0132709
0.0132716
0.0132723
0.013273
0.0132737
0.0132744
0.0132752
0.0132759
0.0132766
0.0132773
0.0132781
0.0132788
0.0132796
0.0132803
0.013281
0.0132818
0.0132825
0.0132833
0.013284
0.0132848
0.0132855
0.0132863
0.0132871
0.0132878
0.0132886
0.0132893
0.0132901
0.0132909
0.0132917
0.0132924
0.0132932
0.013294
0.0132948
0.0132956
0.0132963
0.0132971
0.0132979
0.0132987
0.0132995
0.0133003
0.0133011
0.0133019
0.0133027
0.0133035
0.0133043
0.0133052
0.013306
0.0133068
0.0133076
0.0133084
0.0133093
0.0133101
0.0133109
0.0133117
0.0133126
0.0133134
0.0133142
0.0133151
0.0133159
0.0133168
0.0133176
0.0133185
0.0133193
0.0133202
0.013321
0.0133219
0.0133227
0.0133236
0.0133245
0.0133253
0.0133262
0.0133271
0.0133279
0.0133288
0.0133297
0.0133306
0.0133314
0.0133323
0.0133332
0.0133341
0.013335
0.0133359
0.0133368
0.0133377
0.0133386
0.0133395
0.0133404
0.0133413
0.0133422
0.0133431
0.013344
0.0133449
0.0133459
0.0133468
0.0133477
0.0133486
0.0133496
0.0133505
0.0133514
0.0133523
0.0133533
0.0133542
0.0133552
0.0133561
0.013357
0.013358
0.0133589
0.0133599
0.0133608
0.0133618
0.0133628
0.0133637
0.0133647
0.0133656
0.0133666
0.0133676
0.0133686
0.0133695
0.0133705
0.0133715
0.0133725
0.0133734
0.0133744
0.0133754
0.0133764
0.0133774
0.0133784
0.0133794
0.0133804
0.0133814
0.0133824
0.0133834
0.0133844
0.0133854
0.0133864
0.0133874
0.0133884
0.0133895
0.0133905
0.0133915
0.0133925
0.0133935
0.0133946
0.0133956
0.0133966
0.0133977
0.0133987
0.0133998
0.0134008
0.0134018
0.0134029
0.0134039
0.013405
0.013406
0.0134071
0.0134082
0.0134092
0.0134103
0.0134113
0.0134124
0.0134135
0.0134145
0.0134156
0.0134167
0.0134178
0.0134188
0.0134199
0.013421
0.0134221
0.0134232
0.0134243
0.0134254
0.0134265
0.0134276
0.0134287
0.0134298
0.0134309
0.013432
0.0134331
0.0134342
0.0134353
0.0134364
0.0134375
0.0134387
0.0134398
0.0134409
0.013442
0.0134432
0.0134443
0.0134454
0.0134465
0.0134477
0.0134488
0.01345
0.0134511
0.0134523
0.0134534
0.0134545
0.0134557
0.0134569
0.013458
0.0134592
0.0134603
0.0134615
0.0134627
0.0134638
0.013465
0.0134662
0.0134673
0.0134685
0.0134697
0.0134709
0.0134721
0.0134732
0.0134744
0.0134756
0.0134768
0.013478
0.0134792
0.0134804
0.0134816
0.0134828
0.013484
0.0134852
0.0134864
0.0134876
0.0134888
0.01349
0.0134913
0.0134925
0.0134937
0.0134949
0.0134961
0.0134974
0.0134986
0.0134998
0.0135011
0.0135023
0.0135035
0.0135048
0.013506
0.0135073
0.0135085
0.0135098
0.013511
0.0135123
0.0135135
0.0135148
0.013516
0.0135173
0.0135186
0.0135198
0.0135211
0.0135224
0.0135237
0.0135249
0.0135262
0.0135275
0.0135288
0.01353
0.0135313
0.0135326
0.0135339
0.0135352
0.0135365
0.0135378
0.0135391
0.0135404
0.0135417
0.013543
0.0135443
0.0135456
0.0135469
0.0135482
0.0135496
0.0135509
0.0135522
0.0135535
0.0135548
0.0135562
0.0135575
0.0135588
0.0135602
0.0135615
0.0135628
0.0135642
0.0135655
0.0135669
0.0135682
0.0135695
0.0135709
0.0135722
0.0135736
0.013575
0.0135763
0.0135777
0.013579
0.0135804
0.0135818
0.0135831
0.0135845
0.0135859
0.0135873
0.0135886
0.01359
0.0135914
0.0135928
0.0135942
0.0135955
0.0135969
0.0135983
0.0135997
0.0136011
0.0136025
0.0136039
0.0136053
0.0136067
0.0136081
0.0136095
0.0136109
0.0136124
0.0136138
0.0136152
0.0136166
0.013618
0.0136195
0.0136209
0.0136223
0.0136237
0.0136252
0.0136266
0.013628
0.0136295
0.0136309
0.0136324
0.0136338
0.0136352
0.0136367
0.0136381
0.0136396
0.0136411
0.0136425
0.013644
0.0136454
0.0136469
0.0136484
0.0136498
0.0136513
0.0136528
0.0136542
0.0136557
0.0136572
0.0136587
0.0136602
0.0136616
0.0136631
0.0136646
0.0136661
0.0136676
0.0136691
0.0136706
0.0136721
0.0136736
0.0136751
0.0136766
0.0136781
0.0136796
0.0136811
0.0136826
0.0136841
0.0136857
0.0136872
0.0136887
0.0136902
0.0136917
0.0136933
0.0136948
0.0136963
0.0136979
0.0136994
0.0137009
0.0137025
0.013704
0.0137056
0.0137071
0.0137087
0.0137102
0.0137118
0.0137133
0.0137149
0.0137164
0.013718
0.0137195
0.0137211
0.0137227
0.0137242
0.0137258
0.0137274
0.013729
0.0137305
0.0137321
0.0137337
0.0137353
0.0137369
0.0137384
0.01374
0.0137416
0.0137432
0.0137448
0.0137464
0.013748
0.0137496
0.0137512
0.0137528
0.0137544
0.013756
0.0137576
0.0137593
0.0137609
0.0137625
0.0137641
0.0137657
0.0137673
0.013769
0.0137706
0.0137722
0.0137739
0.0137755
0.0137771
0.0137788
0.0137804
0.013782
0.0137837
0.0137853
0.013787
0.0137886
0.0137903
0.0137919
0.0137936
0.0137952
0.0137969
0.0137986
0.0138002
0.0138019
0.0138036
0.0138052
0.0138069
0.0138086
0.0138102
0.0138119
0.0138136
0.0138153
0.013817
0.0138187
0.0138203
0.013822
0.0138237
0.0138254
0.0138271
0.0138288
0.0138305
0.0138322
0.0138339
0.0138356
0.0138373
0.013839
0.0138407
0.0138425
0.0138442
0.0138459
0.0138476
0.0138493
0.013851
0.0138528
0.0138545
0.0138562
0.013858
0.0138597
0.0138614
0.0138632
0.0138649
0.0138666
0.0138684
0.0138701
0.0138719
0.0138736
0.0138754
0.0138771
0.0138789
0.0138806
0.0138824
0.0138842
0.0138859
0.0138877
0.0138894
0.0138912
0.013893
0.0138948
0.0138965
0.0138983
0.0139001
0.0139019
0.0139036
0.0139054
0.0139072
0.013909
0.0139108
0.0139126
0.0139144
0.0139162
0.013918
0.0139198
0.0139216
0.0139234
0.0139252
0.013927
0.0139288
0.0139306
0.0139324
0.0139342
0.013936
0.0139379
0.0139397
0.0139415
0.0139433
0.0139452
0.013947
0.0139488
0.0139506
0.0139525
0.0139543
0.0139561
0.013958
0.0139598
0.0139617
0.0139635
0.0139654
0.0139672
0.0139691
0.0139709
0.0139728
0.0139746
0.0139765
0.0139784
0.0139802
0.0139821
0.0139839
0.0139858
0.0139877
0.0139896
0.0139914
0.0139933
0.0139952
0.0139971
0.0139989
0.0140008
0.0140027
0.0140046
0.0140065
0.0140084
0.0140103
0.0140122
0.0140141
0.014016
0.0140179
0.0140198
0.0140217
0.0140236
0.0140255
0.0140274
0.0140293
0.0140312
0.0140331
0.0140351
0.014037
0.0140389
0.0140408
0.0140427
0.0140447
0.0140466
0.0140485
0.0140505
0.0140524
0.0140543
0.0140563
0.0140582
0.0140602
0.0140621
0.014064
0.014066
0.0140679
0.0140699
0.0140718
0.0140738
0.0140758
0.0140777
0.0140797
0.0140816
0.0140836
0.0140856
0.0140875
0.0140895
0.0140915
0.0140935
0.0140954
0.0140974
0.0140994
0.0141014
0.0141033
0.0141053
0.0141073
0.0141093
0.0141113
0.0141133
0.0141153
0.0141173
0.0141193
0.0141213
0.0141233
0.0141253
0.0141273
0.0141293
0.0141313
0.0141333
0.0141353
0.0141373
0.0141394
0.0141414
0.0141434
0.0141454
0.0141474
0.0141495
0.0141515
0.0141535
0.0141555
0.0141576
0.0141596
0.0141616
0.0141637
0.0141657
0.0141678
0.0141698
0.0141719
0.0141739
0.0141759
0.014178
0.0141801
0.0141821
0.0141842
0.0141862
0.0141883
0.0141903
0.0141924
0.0141945
0.0141965
0.0141986
0.0142007
0.0142027
0.0142048
0.0142069
0.014209
0.014211
0.0142131
0.0142152
0.0142173
0.0142194
0.0142215
0.0142236
0.0142257
0.0142277
0.0142298
0.0142319
0.014234
0.0142361
0.0142382
0.0142403
0.0142425
0.0142446
0.0142467
0.0142488
0.0142509
0.014253
0.0142551
0.0142572
0.0142594
0.0142615
0.0142636
0.0142657
0.0142679
0.01427
0.0142721
0.0142743
0.0142764
0.0142785
0.0142807
0.0142828
0.0142849
0.0142871
0.0142892
0.0142914
0.0142935
0.0142957
0.0142978
0.0143
0.0143021
0.0143043
0.0143064
0.0143086
0.0143108
0.0143129
0.0143151
0.0143173
0.0143194
0.0143216
0.0143238
0.014326
0.0143281
0.0143303
0.0143325
0.0143347
0.0143369
0.014339
0.0143412
0.0143434
0.0143456
0.0143478
0.01435
0.0143522
0.0143544
0.0143566
0.0143588
0.014361
0.0143632
0.0143654
0.0143676
0.0143698
0.014372
0.0143742
0.0143764
0.0143787
0.0143809
0.0143831
0.0143853
0.0143875
0.0143898
0.014392
0.0143942
0.0143964
0.0143987
0.0144009
0.0144031
0.0144054
0.0144076
0.0144098
0.0144121
0.0144143
0.0144166
0.0144188
0.0144211
0.0144233
0.0144256
0.0144278
0.0144301
0.0144323
0.0144346
0.0144369
0.0144391
0.0144414
0.0144436
0.0144459
0.0144482
0.0144504
0.0144527
0.014455
0.0144573
0.0144595
0.0144618
0.0144641
0.0144664
0.0144687
0.0144709
0.0144732
0.0144755
0.0144778
0.0144801
0.0144824
0.0144847
0.014487
0.0144893
0.0144916
0.0144939
0.0144962
0.0144985
0.0145008
0.0145031
0.0145054
0.0145077
0.01451
0.0145123
0.0145147
0.014517
0.0145193
0.0145216
0.0145239
0.0145263
0.0145286
0.0145309
0.0145332
0.0145356
0.0145379
0.0145402
0.0145426
0.0145449
0.0145472
0.0145496
0.0145519
0.0145543
0.0145566
0.014559
0.0145613
0.0145637
0.014566
0.0145684
0.0145707
0.0145731
0.0145754
0.0145778
0.0145802
0.0145825
0.0145849
0.0145872
0.0145896
0.014592
0.0145944
0.0145967
0.0145991
0.0146015
0.0146039
0.0146062
0.0146086
0.014611
0.0146134
0.0146158
0.0146181
0.0146205
0.0146229
0.0146253
0.0146277
0.0146301
0.0146325
0.0146349
0.0146373
0.0146397
0.0146421
0.0146445
0.0146469
0.0146493
0.0146517
0.0146541
0.0146565
0.014659
0.0146614
0.0146638
0.0146662
0.0146686
0.014671
0.0146735
0.0146759
0.0146783
0.0146807
0.0146832
0.0146856
0.014688
0.0146905
0.0146929
0.0146953
0.0146978
0.0147002
0.0147027
0.0147051
0.0147075
0.01471
0.0147124
0.0147149
0.0147173
0.0147198
0.0147222
0.0147247
0.0147272
0.0147296
0.0147321
0.0147345
0.014737
0.0147395
0.0147419
0.0147444
0.0147469
0.0147493
0.0147518
0.0147543
0.0147567
0.0147592
0.0147617
0.0147642
0.0147667
0.0147691
0.0147716
0.0147741
0.0147766
0.0147791
0.0147816
0.0147841
0.0147866
0.0147891
0.0147916
0.014794
0.0147965
0.014799
0.0148015
0.0148041
0.0148066
0.0148091
0.0148116
0.0148141
0.0148166
0.0148191
0.0148216
0.0148241
0.0148266
0.0148292
0.0148317
0.0148342
0.0148367
0.0148392
0.0148418
0.0148443
0.0148468
0.0148494
0.0148519
0.0148544
0.014857
0.0148595
0.014862
0.0148646
0.0148671
0.0148696
0.0148722
0.0148747
0.0148773
0.0148798
0.0148824
0.0148849
0.0148875
0.01489
0.0148926
0.0148951
0.0148977
0.0149003
0.0149028
0.0149054
0.0149079
0.0149105
0.0149131
0.0149156
0.0149182
0.0149208
0.0149233
0.0149259
0.0149285
0.0149311
0.0149336
0.0149362
0.0149388
0.0149414
0.014944
0.0149466
0.0149491
0.0149517
0.0149543
0.0149569
0.0149595
0.0149621
0.0149647
0.0149673
0.0149699
0.0149725
0.0149751
0.0149777
0.0149803
0.0149829
0.0149855
0.0149881
0.0149907
0.0149933
0.0149959
0.0149985
0.0150011
0.0150038
0.0150064
0.015009
0.0150116
0.0150142
0.0150169
0.0150195
0.0150221
0.0150247
0.0150274
0.01503
0.0150326
0.0150352
0.0150379
0.0150405
0.0150431
0.0150458
0.0150484
0.0150511
0.0150537
0.0150563
0.015059
0.0150616
0.0150643
0.0150669
0.0150696
0.0150722
0.0150749
0.0150775
0.0150802
0.0150828
0.0150855
0.0150882
0.0150908
0.0150935
0.0150961
0.0150988
0.0151015
0.0151041
0.0151068
0.0151095
0.0151121
0.0151148
0.0151175
0.0151202
0.0151228
0.0151255
0.0151282
0.0151309
0.0151336
0.0151362
0.0151389
0.0151416
0.0151443
0.015147
0.0151497
0.0151524
0.015155
0.0151577
0.0151604
0.0151631
0.0151658
0.0151685
0.0151712
0.0151739
0.0151766
0.0151793
0.015182
0.0151847
0.0151874
0.0151902
0.0151929
0.0151956
0.0151983
0.015201
0.0152037
0.0152064
0.0152092
0.0152119
0.0152146
0.0152173
0.01522
0.0152228
0.0152255
0.0152282
0.0152309
0.0152337
0.0152364
0.0152391
0.0152419
0.0152446
0.0152473
0.0152501
0.0152528
0.0152555
0.0152583
0.015261
0.0152638
0.0152665
0.0152693
0.015272
0.0152747
0.0152775
0.0152802
0.015283
0.0152858
0.0152885
0.0152913
0.015294
0.0152968
0.0152995
0.0153023
0.0153051
0.0153078
0.0153106
0.0153133
0.0153161
0.0153189
0.0153216
0.0153244
0.0153272
0.01533
0.0153327
0.0153355
0.0153383
0.0153411
0.0153438
0.0153466
0.0153494
0.0153522
0.015355
0.0153577
0.0153605
0.0153633
0.0153661
0.0153689
0.0153717
0.0153745
0.0153773
0.0153801
0.0153829
0.0153857
0.0153885
0.0153913
0.0153941
0.0153969
0.0153997
0.0154025
0.0154053
0.0154081
0.0154109
0.0154137
0.0154165
0.0154193
0.0154221
0.0154249
0.0154277
0.0154306
0.0154334
0.0154362
0.015439
0.0154418
0.0154446
0.0154475
0.0154503
0.0154531
0.0154559
0.0154588
0.0154616
0.0154644
0.0154673
0.0154701
0.0154729
0.0154758
0.0154786
0.0154814
0.0154843
0.0154871
0.0154899
0.0154928
0.0154956
0.0154985
0.0155013
0.0155041
0.015507
0.0155098
0.0155127
0.0155155
0.0155184
0.0155212
0.0155241
0.0155269
0.0155298
0.0155327
0.0155355
0.0155384
0.0155412
0.0155441
0.015547
0.0155498
0.0155527
0.0155555
0.0155584
0.0155613
0.0155641
0.015567
0.0155699
0.0155728
0.0155756
0.0155785
0.0155814
0.0155843
0.0155871
0.01559
0.0155929
0.0155958
0.0155986
0.0156015
0.0156044
0.0156073
0.0156102
0.0156131
0.015616
0.0156188
0.0156217
0.0156246
0.0156275
0.0156304
0.0156333
0.0156362
0.0156391
0.015642
0.0156449
0.0156478
0.0156507
0.0156536
0.0156565
0.0156594
0.0156623
0.0156652
0.0156681
0.015671
0.0156739
0.0156768
0.0156797
0.0156827
0.0156856
0.0156885
0.0156914
0.0156943
0.0156972
0.0157002
0.0157031
0.015706
0.0157089
0.0157118
0.0157148
0.0157177
0.0157206
0.0157235
0.0157265
0.0157294
0.0157323
0.0157352
0.0157382
0.0157411
0.015744
0.015747
0.0157499
0.0157528
0.0157558
0.0157587
0.0157617
0.0157646
0.0157675
0.0157705
0.0157734
0.0157764
0.0157793
0.0157823
0.0157852
0.0157882
0.0157911
0.0157941
0.015797
0.0158
0.0158029
0.0158059
0.0158088
0.0158118
0.0158147
0.0158177
0.0158206
0.0158236
0.0158266
0.0158295
0.0158325
0.0158355
0.0158384
0.0158414
0.0158444
0.0158473
0.0158503
0.0158533
0.0158562
0.0158592
0.0158622
0.0158651
0.0158681
0.0158711
0.0158741
0.015877
0.01588
0.015883
0.015886
0.015889
0.0158919
0.0158949
0.0158979
0.0159009
0.0159039
0.0159069
0.0159098
0.0159128
0.0159158
0.0159188
0.0159218
0.0159248
0.0159278
0.0159308
0.0159338
0.0159368
0.0159398
0.0159428
0.0159458
0.0159488
0.0159518
0.0159548
0.0159578
0.0159608
0.0159638
0.0159668
0.0159698
0.0159728
0.0159758
0.0159788
0.0159818
0.0159848
0.0159878
0.0159908
0.0159938
0.0159969
0.0159999
0.0160029
0.0160059
0.0160089
0.0160119
0.016015
0.016018
0.016021
0.016024
0.016027
0.0160301
0.0160331
0.0160361
0.0160391
0.0160422
0.0160452
0.0160482
0.0160512
0.0160543
0.0160573
0.0160603
0.0160634
0.0160664
0.0160694
0.0160725
0.0160755
0.0160785
0.0160816
0.0160846
0.0160876
0.0160907
0.0160937
0.0160968
0.0160998
0.0161028
0.0161059
0.0161089
0.016112
0.016115
0.0161181
0.0161211
0.0161242
0.0161272
0.0161303
0.0161333
0.0161364
0.0161394
0.0161425
0.0161455
0.0161486
0.0161516
0.0161547
0.0161577
0.0161608
0.0161639
0.0161669
0.01617
0.016173
0.0161761
0.0161792
0.0161822
0.0161853
0.0161884
0.0161914
0.0161945
0.0161976
0.0162006
0.0162037
0.0162068
0.0162098
0.0162129
0.016216
0.016219
0.0162221
0.0162252
0.0162283
0.0162313
0.0162344
0.0162375
0.0162406
0.0162436
0.0162467
0.0162498
0.0162529
0.016256
0.016259
0.0162621
0.0162652
0.0162683
0.0162714
0.0162745
0.0162776
0.0162806
0.0162837
0.0162868
0.0162899
0.016293
0.0162961
0.0162992
0.0163023
0.0163054
0.0163085
0.0163116
0.0163146
0.0163177
0.0163208
0.0163239
0.016327
0.0163301
0.0163332
0.0163363
0.0163394
0.0163425
0.0163456
0.0163487
0.0163518
0.0163549
0.0163581
0.0163612
0.0163643
0.0163674
0.0163705
0.0163736
0.0163767
0.0163798
0.0163829
0.016386
0.0163891
0.0163923
0.0163954
0.0163985
0.0164016
0.0164047
0.0164078
0.0164109
0.0164141
0.0164172
0.0164203
0.0164234
0.0164265
0.0164296
0.0164328
0.0164359
0.016439
0.0164421
0.0164453
0.0164484
0.0164515
0.0164546
0.0164578
0.0164609
0.016464
0.0164671
0.0164703
0.0164734
0.0164765
0.0164797
0.0164828
0.0164859
0.0164891
0.0164922
0.0164953
0.0164985
0.0165016
0.0165047
0.0165079
0.016511
0.0165141
0.0165173
0.0165204
0.0165235
0.0165267
0.0165298
0.016533
0.0165361
0.0165392
0.0165424
0.0165455
0.0165487
0.0165518
0.016555
0.0165581
0.0165613
0.0165644
0.0165676
0.0165707
0.0165738
0.016577
0.0165801
0.0165833
0.0165864
0.0165896
0.0165928
0.0165959
0.0165991
0.0166022
0.0166054
0.0166085
0.0166117
0.0166148
0.016618
0.0166211
0.0166243
0.0166275
0.0166306
0.0166338
0.0166369
0.0166401
0.0166433
0.0166464
0.0166496
0.0166527
0.0166559
0.0166591
0.0166622
0.0166654
0.0166686
0.0166717
0.0166749
0.0166781
0.0166812
0.0166844
0.0166876
0.0166907
0.0166939
0.0166971
0.0167002
0.0167034
0.0167066
0.0167097
0.0167129
0.0167161
0.0167193
0.0167224
0.0167256
0.0167288
0.016732
0.0167351
0.0167383
0.0167415
0.0167447
0.0167478
0.016751
0.0167542
0.0167574
0.0167606
0.0167637
0.0167669
0.0167701
0.0167733
0.0167765
0.0167796
0.0167828
0.016786
0.0167892
0.0167924
0.0167956
0.0167987
0.0168019
0.0168051
0.0168083
0.0168115
0.0168147
0.0168179
0.0168211
0.0168242
0.0168274
0.0168306
0.0168338
0.016837
0.0168402
0.0168434
0.0168466
0.0168498
0.016853
0.0168562
0.0168593
0.0168625
0.0168657
0.0168689
0.0168721
0.0168753
0.0168785
0.0168817
0.0168849
0.0168881
0.0168913
0.0168945
0.0168977
0.0169009
0.0169041
0.0169073
0.0169105
0.0169137
0.0169169
0.0169201
0.0169233
0.0169265
0.0169297
0.0169329
0.0169361
0.0169393
0.0169425
0.0169457
0.0169489
0.0169521
0.0169553
0.0169586
0.0169618
0.016965
0.0169682
0.0169714
0.0169746
0.0169778
0.016981
0.0169842
0.0169874
0.0169906
0.0169938
0.0169971
0.0170003
0.0170035
0.0170067
0.0170099
0.0170131
0.0170163
0.0170195
0.0170227
0.017026
0.0170292
0.0170324
0.0170356
0.0170388
0.017042
0.0170452
0.0170485
0.0170517
0.0170549
0.0170581
0.0170613
0.0170645
0.0170678
0.017071
0.0170742
0.0170774
0.0170806
0.0170839
0.0170871
0.0170903
0.0170935
0.0170967
0.0171
0.0171032
0.0171064
0.0171096
0.0171128
0.0171161
0.0171193
0.0171225
0.0171257
0.017129
0.0171322
0.0171354
0.0171386
0.0171419
0.0171451
0.0171483
0.0171515
0.0171548
0.017158
0.0171612
0.0171644
0.0171677
0.0171709
0.0171741
0.0171774
0.0171806
0.0171838
0.017187
0.0171903
0.0171935
0.0171967
0.0172
0.0172032
0.0172064
0.0172096
0.0172129
0.0172161
0.0172193
0.0172226
0.0172258
0.017229
0.0172323
0.0172355
0.0172387
0.017242
0.0172452
0.0172484
0.0172517
0.0172549
0.0172581
0.0172614
0.0172646
0.0172678
0.0172711
0.0172743
0.0172775
0.0172808
0.017284
0.0172872
0.0172905
0.0172937
0.017297
0.0173002
0.0173034
0.0173067
0.0173099
0.0173131
0.0173164
0.0173196
0.0173229
0.0173261
0.0173293
0.0173326
0.0173358
0.017339
0.0173423
0.0173455
0.0173488
0.017352
0.0173552
0.0173585
0.0173617
0.017365
0.0173682
0.0173714
0.0173747
0.0173779
0.0173812
0.0173844
0.0173877
0.0173909
0.0173941
0.0173974
0.0174006
0.0174039
0.0174071
0.0174103
0.0174136
0.0174168
0.0174201
0.0174233
0.0174266
0.0174298
0.017433
0.0174363
0.0174395
0.0174428
0.017446
0.0174493
0.0174525
0.0174558
0.017459
0.0174622
0.0174655
0.0174687
0.017472
0.0174752
0.0174785
0.0174817
0.017485
0.0174882
0.0174915
0.0174947
0.0174979
0.0175012
0.0175044
0.0175077
0.0175109
0.0175142
0.0175174
0.0175207
0.0175239
0.0175272
0.0175304
0.0175337
0.0175369
0.0175401
0.0175434
0.0175466
0.0175499
0.0175531
0.0175564
0.0175596
0.0175629
0.0175661
0.0175694
0.0175726
0.0175759
0.0175791
0.0175824
0.0175856
0.0175889
0.0175921
0.0175954
0.0175986
0.0176019
0.0176051
0.0176084
0.0176116
0.0176148
0.0176181
0.0176213
0.0176246
0.0176278
0.0176311
0.0176343
0.0176376
0.0176408
0.0176441
0.0176473
0.0176506
0.0176538
0.0176571
0.0176603
0.0176636
0.0176668
0.0176701
0.0176733
0.0176766
0.0176798
0.0176831
0.0176863
0.0176896
0.0176928
0.0176961
0.0176993
0.0177026
0.0177058
0.0177091
0.0177123
0.0177156
0.0177188
0.0177221
0.0177253
0.0177286
0.0177318
0.0177351
0.0177383
0.0177415
0.0177448
0.017748
0.0177513
0.0177545
0.0177578
0.017761
0.0177643
0.0177675
0.0177708
0.017774
0.0177773
0.0177805
0.0177838
0.017787
0.0177903
0.0177935
0.0177968
0.0178
0.0178033
0.0178065
0.0178098
0.017813
0.0178163
0.0178195
0.0178228
0.017826
0.0178292
0.0178325
0.0178357
0.017839
0.0178422
0.0178455
0.0178487
0.017852
0.0178552
0.0178585
0.0178617
0.017865
0.0178682
0.0178715
0.0178747
0.0178779
0.0178812
0.0178844
0.0178877
0.0178909
0.0178942
0.0178974
0.0179007
0.0179039
0.0179072
0.0179104
0.0179136
0.0179169
0.0179201
0.0179234
0.0179266
0.0179299
0.0179331
0.0179364
0.0179396
0.0179428
0.0179461
0.0179493
0.0179526
0.0179558
0.0179591
0.0179623
0.0179656
0.0179688
0.017972
0.0179753
0.0179785
0.0179818
0.017985
0.0179882
0.0179915
0.0179947
0.017998
0.0180012
0.0180045
0.0180077
0.0180109
0.0180142
0.0180174
0.0180207
0.0180239
0.0180271
0.0180304
0.0180336
0.0180369
0.0180401
0.0180433
0.0180466
0.0180498
0.0180531
0.0180563
0.0180595
0.0180628
0.018066
0.0180692
0.0180725
0.0180757
0.018079
0.0180822
0.0180854
0.0180887
0.0180919
0.0180951
0.0180984
0.0181016
0.0181048
0.0181081
0.0181113
0.0181145
0.0181178
0.018121
0.0181242
0.0181275
0.0181307
0.0181339
0.0181372
0.0181404
0.0181436
0.0181469
0.0181501
0.0181533
0.0181566
0.0181598
0.018163
0.0181663
0.0181695
0.0181727
0.018176
0.0181792
0.0181824
0.0181857
0.0181889
0.0181921
0.0181953
0.0181986
0.0182018
0.018205
0.0182083
0.0182115
0.0182147
0.0182179
0.0182212
0.0182244
0.0182276
0.0182308
0.0182341
0.0182373
0.0182405
0.0182437
0.018247
0.0182502
0.0182534
0.0182566
0.0182599
0.0182631
0.0182663
0.0182695
0.0182727
0.018276
0.0182792
0.0182824
0.0182856
0.0182889
0.0182921
0.0182953
0.0182985
0.0183017
0.0183049
0.0183082
0.0183114
0.0183146
0.0183178
0.018321
0.0183243
0.0183275
0.0183307
0.0183339
0.0183371
0.0183403
0.0183436
0.0183468
0.01835
0.0183532
0.0183564
0.0183596
0.0183628
0.018366
0.0183693
0.0183725
0.0183757
0.0183789
0.0183821
0.0183853
0.0183885
0.0183917
0.0183949
0.0183982
0.0184014
0.0184046
0.0184078
0.018411
0.0184142
0.0184174
0.0184206
0.0184238
0.018427
0.0184302
0.0184334
0.0184366
0.0184398
0.018443
0.0184462
0.0184495
0.0184527
0.0184559
0.0184591
0.0184623
0.0184655
0.0184687
0.0184719
0.0184751
0.0184783
0.0184815
0.0184847
0.0184879
0.0184911
0.0184943
0.0184975
0.0185006
0.0185038
0.018507
0.0185102
0.0185134
0.0185166
0.0185198
0.018523
0.0185262
0.0185294
0.0185326
0.0185358
0.018539
0.0185422
0.0185454
0.0185485
0.0185517
0.0185549
0.0185581
0.0185613
0.0185645
0.0185677
0.0185709
0.0185741
0.0185772
0.0185804
0.0185836
0.0185868
0.01859
0.0185932
0.0185963
0.0185995
0.0186027
0.0186059
0.0186091
0.0186123
0.0186154
0.0186186
0.0186218
0.018625
0.0186282
0.0186313
0.0186345
0.0186377
0.0186409
0.018644
0.0186472
0.0186504
0.0186536
0.0186567
0.0186599
0.0186631
0.0186663
0.0186694
0.0186726
0.0186758
0.0186789
0.0186821
0.0186853
0.0186885
0.0186916
0.0186948
0.018698
0.0187011
0.0187043
0.0187075
0.0187106
0.0187138
0.018717
0.0187201
0.0187233
0.0187264
0.0187296
0.0187328
0.0187359
0.0187391
0.0187423
0.0187454
0.0187486
0.0187517
0.0187549
0.018758
0.0187612
0.0187644
0.0187675
0.0187707
0.0187738
0.018777
0.0187801
0.0187833
0.0187864
0.0187896
0.0187927
0.0187959
0.018799
0.0188022
0.0188053
0.0188085
0.0188116
0.0188148
0.0188179
0.0188211
0.0188242
0.0188274
0.0188305
0.0188337
0.0188368
0.0188399
0.0188431
0.0188462
0.0188494
0.0188525
0.0188557
0.0188588
0.0188619
0.0188651
0.0188682
0.0188713
0.0188745
0.0188776
0.0188808
0.0188839
0.018887
0.0188902
0.0188933
0.0188964
0.0188995
0.0189027
0.0189058
0.0189089
0.0189121
0.0189152
0.0189183
0.0189214
0.0189246
0.0189277
0.0189308
0.018934
0.0189371
0.0189402
0.0189433
0.0189464
0.0189496
0.0189527
0.0189558
0.0189589
0.018962
0.0189652
0.0189683
0.0189714
0.0189745
0.0189776
0.0189807
0.0189839
0.018987
0.0189901
0.0189932
0.0189963
0.0189994
0.0190025
0.0190056
0.0190087
0.0190118
0.019015
0.0190181
0.0190212
0.0190243
0.0190274
0.0190305
0.0190336
0.0190367
0.0190398
0.0190429
0.019046
0.0190491
0.0190522
0.0190553
0.0190584
0.0190615
0.0190646
0.0190677
0.0190708
0.0190739
0.019077
0.01908
0.0190831
0.0190862
0.0190893
0.0190924
0.0190955
0.0190986
0.0191017
0.0191048
0.0191078
0.0191109
0.019114
0.0191171
0.0191202
0.0191233
0.0191263
0.0191294
0.0191325
0.0191356
0.0191387
0.0191417
0.0191448
0.0191479
0.019151
0.019154
0.0191571
0.0191602
0.0191633
0.0191663
0.0191694
0.0191725
0.0191756
0.0191786
0.0191817
0.0191848
0.0191878
0.0191909
0.019194
0.019197
0.0192001
0.0192031
0.0192062
0.0192093
0.0192123
0.0192154
0.0192184
0.0192215
0.0192246
0.0192276
0.0192307
0.0192337
0.0192368
0.0192398
0.0192429
0.0192459
0.019249
0.019252
0.0192551
0.0192581
0.0192612
0.0192642
0.0192673
0.0192703
0.0192734
0.0192764
0.0192795
0.0192825
0.0192855
0.0192886
0.0192916
0.0192947
0.0192977
0.0193007
0.0193038
0.0193068
0.0193098
0.0193129
0.0193159
0.0193189
0.019322
0.019325
0.019328
0.0193311
0.0193341
0.0193371
0.0193401
0.0193432
0.0193462
0.0193492
0.0193522
0.0193553
0.0193583
0.0193613
0.0193643
0.0193673
0.0193704
0.0193734
0.0193764
0.0193794
0.0193824
0.0193854
0.0193884
0.0193915
0.0193945
0.0193975
0.0194005
0.0194035
0.0194065
0.0194095
0.0194125
0.0194155
0.0194185
0.0194215
0.0194245
0.0194275
0.0194305
0.0194335
0.0194365
0.0194395
0.0194425
0.0194455
0.0194485
0.0194515
0.0194545
0.0194575
0.0194605
0.0194635
0.0194665
0.0194694
0.0194724
0.0194754
0.0194784
0.0194814
0.0194844
0.0194874
0.0194903
0.0194933
0.0194963
0.0194993
0.0195023
0.0195052
0.0195082
0.0195112
0.0195142
0.0195171
0.0195201
0.0195231
0.019526
0.019529
0.019532
0.0195349
0.0195379
0.0195409
0.0195438
0.0195468
0.0195498
0.0195527
0.0195557
0.0195587
0.0195616
0.0195646
0.0195675
0.0195705
0.0195734
0.0195764
0.0195794
0.0195823
0.0195853
0.0195882
0.0195912
0.0195941
0.0195971
0.0196
0.0196029
0.0196059
0.0196088
0.0196118
0.0196147
0.0196177
0.0196206
0.0196235
0.0196265
0.0196294
0.0196323
0.0196353
0.0196382
0.0196411
0.0196441
0.019647
0.0196499
0.0196529
0.0196558
0.0196587
0.0196616
0.0196646
0.0196675
0.0196704
0.0196733
0.0196763
0.0196792
0.0196821
0.019685
0.0196879
0.0196908
0.0196938
0.0196967
0.0196996
0.0197025
0.0197054
0.0197083
0.0197112
0.0197141
0.019717
0.0197199
0.0197228
0.0197257
0.0197287
0.0197316
0.0197345
0.0197374
0.0197402
0.0197431
0.019746
0.0197489
0.0197518
0.0197547
0.0197576
0.0197605
0.0197634
0.0197663
0.0197692
0.0197721
0.0197749
0.0197778
0.0197807
0.0197836
0.0197865
0.0197893
