0
0
0
0
0
0
2.174101515
3.241495833
6.542631818
6.505007576
5.76185303
3.345213636
1.660669697
0.63385
0.485604545
0.273701515
2.752042424
3.549228788
3.254227273
0.512640909
0.177334848
0
0
0
0
0
0
0
0
0
1.982487879
2.312599242
3.764066667
4.266781818
3.908521212
3.968268182
3.764913636
3.628981818
2.787009091
2.997372727
3.113265152
3.473868182
3.183343939
0.503656061
0.188121212
0
0
0
0
0
0
0
0
0
0
0
0
0
0
0
0
0
0
0
0
0
0
0
0
0
0
0
0
0
0
0
0
0
0
0
0
0
0
0
0
0
0
0.133483333
0.069992424
0.109871212
0
0
0
0
0
0
0
0
0
0
0
0
1.342789394
3.401482222
6.374237879
6.367828788
5.607566667
3.368592424
1.618760606
0.480290909
0.122837879
0.651766667
2.921730303
3.951662121
3.012010606
0.491278788
0.165718182
0
0
0
0
0
0
0
0
0
1.374439394
3.869163889
6.361998485
6.47110303
5.828410606
5.686812121
4.561342424
3.054210606
2.838298485
3.467609091
4.115518182
4.867769697
3.65089697
0.491430303
0.172881818
0
0
0
0
0
0
0
0
0
2.222081818
2.481804545
4.846243939
5.617528788
4.908095455
2.85895303
0.806077273
0.281915455
0
0
0.680657576
2.90840303
2.839389394
0.476492424
0.164210606
0
0
0
0
0
0
0
0
0
4.042389394
1.353396212
3.534693939
3.763406061
3.195671212
2.785083333
2.202878788
2.822233333
3.658136364
1.895016667
1.15409697
2.125284848
2.837418182
0.45005303
0.167104545
0
0
0
0
0
0
0
0
0
3.751162121
2.693821212
2.177324242
3.894563636
3.294390909
2.952825758
2.858618182
2.221924242
1.784384848
1.300040909
0.83225
1.248662121
1.603763636
9.438637879
3.759318182
2.807712121
0.189378788
0.044284848
0
0
0
0
0
0
0
0
0
0
0
0
0
0
0
0
2.177154545
0.932365152
0.257275758
0.008089394
0
0
0
0
0
0
0
0
0
0
0
0
0
0
0
0
0
0
0
0
0
0
0
0
0
0
0
0
0
0
0
0
0
0
2.829598333
2.386907576
3.560924242
4.2952755
3.604171212
4.062012121
2.930022727
2.642663636
1.509415152
2.447060606
2.057228788
2.605969697
2.021025758
0.514240909
0.174007576
0
0
0
0
0
0
0
0
0
2.876986667
3.544418519
0.747557576
2.706907576
1.430192424
0.632380303
0.196130303
0
0
0.036939394
0.633187879
0.968209091
1.347930303
0.422983333
0.144862121
0
0
0
0
0
0
0
0
0
3.288851667
2.857104545
4.018089394
4.671621212
4.114893939
4.376754545
3.523143939
2.67590303
4.574681818
3.448009091
4.293060606
3.940809091
3.904674242
0.55340303
0.226234848
0
0
0
0
0
0
0
0
0
3.408157576
2.455156111
0.846515152
2.8884
2.088042424
1.782756113
0.796151515
1.716266667
1.286775758
1.586584848
1.509477273
1.653459091
1.495128788
0.380439394
0.138104545
0
0
0
0
0
0
0
0
0
3.249538333
2.50800303
2.723672727
4.089027273
3.522622727
3.537993939
2.679968182
1.990810606
1.621387879
1.744693939
1.915786364
2.107
1.916640909
0.439595455
0.145865152
0
0
0
0
0
0
0
0
0
0
0
0
0
0
0
0
0
0
0
0
0
0
0
0
0
0
0
0
0
0
0
0
0
0
0
0
0
0
0
0
0
0
0
0
0
0
0
0
0
0
0
0
0
0
0
0
0
4.428401515
3.333468182
6.37384697
6.36000303
6.26785
5.499659091
5.207459091
5.023562121
4.73000303
4.85265303
5.056987879
5.253504545
4.43524697
0.536228788
0.206616667
0
0
0
0
0
0
0
0
0
4.224601515
2.698905833
5.940869697
6.582136364
5.505651515
6.023830303
5.354378788
5.54190303
5.30915303
5.20544697
5.340812121
5.39155303
4.301686364
0.5663
0.213306061
0
0
0
0
0
0
0
0
0
1.249960833
3.754098485
6.4612
6.479984848
5.970048485
5.791424242
4.703931818
4.468589394
5.204633333
4.909981818
5.509727273
5.525309091
4.447443939
0.582951515
0.218380303
0
0
0
0
0
0
0
0
0
1.95818
3.029293939
6.001860606
6.161239394
5.836090909
6.013024242
5.764681818
5.811327273
5.895104545
5.866666667
5.901884848
5.785813636
4.342030303
0.545209091
0.202043939
0
0
0
0
0
0
0
0
0
1.303109091
4.060157407
6.278445455
6.385471224
5.941344474
6.303726623
6.117453499
6.125881818
6.094824242
6.009089394
6.018490909
5.944359091
4.802789394
0.636951515
0.23570303
0
0
0
0
0
0
0
0
0
0
0
0
0
0
0
0
0
0
0
0
0
0
0
0
0
0
0
0
0
0
0
0
0
0
0
0
0
0
0
0
0
0
0
0
0
0
0
0
0
0
0
0
0
0
0
0
1.370037879
1.471392424
2.576156667
5.51189375
5.409744522
5.356536364
5.075068182
5.295289394
4.842175758
5.137918182
4.816530303
5.081604545
4.924366667
3.863978788
0.511462121
0.190022727
0
0
0
0
0
0
0
0
0
2.139237879
2.800271667
5.013438312
5.636834848
4.983674242
5.363606061
4.846374242
5.254483333
4.305660606
4.386821212
4.591157576
4.715480303
4.092304545
0.542327273
0.203116667
0
0
0
0
0
0
0
0
0
1.960571667
2.511633333
4.555425758
5.345781818
4.757630303
3.760656061
2.51924697
2.755404545
2.006324242
2.8357
2.876315152
3.195518182
2.901277273
0.554778788
0.207924242
0
0
0
0
0
0
0
0
0
2.144383333
2.73335
5.248719697
5.666207576
5.077027273
4.187448485
2.042716667
0.693042424
1.828637879
2.429383333
3.28295303
3.569827273
3.726709091
0.517286364
0.199019697
0
0
0
0
0
0
0
0
0
1.218510606
3.36975
5.860877273
5.531856061
5.047987879
4.898827273
4.730915922
4.637242424
4.145156061
3.984224242
4.123565152
4.550519697
3.62485303
0.438643939
0.111342424
0
0
0.003310606
0.324965871
0.046751515
0.056174242
0.041712121
0.015089394
0.093416667
0.148754545
0.060528788
0.004836364
0
0.039040909
0.136425758
0.163192424
0.180774242
0.114665152
0
0.005109091
0.185171212
0.057362121
0.0419
0.039031818
0.037833333
0.047392424
1.201104545
0.182454545
0.125287879
0.092945455
0.194521212
0.078560606
0.053675758
0.052433333
0.008837879
0.162931818
0.066725758
0.013192424
0
0.021272727
0.048637879
0.036731818
0
0
0.042316667
0.051518182
0.015186364
0.134286364
0.068833333
0.023877273
0
0
0
0
0
0
0
0.402901515
0.420992424
6.387375758
5.175493939
5.054340909
4.933233333
5.013663636
4.944357576
5.091536364
5.147757576
5.079325758
5.212551515
4.059084848
0.476978788
0.12289697
0
0
0.007006061
0.318493939
0.044775758
0.007880303
0
0
0
0.381365152
0.900533333
6.305569697
5.066430303
5.029869697
4.996086364
4.94410303
4.734395455
4.679167712
4.747762121
4.814033333
4.815324242
3.889628788
0.47115
0.122098485
0
0
0.133851515
0.28459697
0.035037879
0.004563636
0
0
0.020322727
3.238206061
1.107721667
6.779696667
5.556063636
5.480451515
5.292654545
5.058977273
4.782459091
4.633224242
4.485137879
4.663433333
4.954656061
3.952657576
0.468295455
0.12080303
0
0
0.285069697
0.141381818
0.026395455
0.000554545
0
0
0
0.430639394
0.971137879
4.59774697
4.06034697
5.585098485
5.169933333
5.115818182
5.423337879
5.3716
5.417536364
5.301131818
5.398251515
4.623709091
0.550825758
0.144722727
0
0
0.206734848
0.1703
0.029872727
0.001663636
0
0
0
0.502719697
1.014406061
4.658512121
1.561666667
1.357551515
1.246033333
1.266221212
1.153036364
1.05194697
1.032492424
0.987840909
1.179343939
1.420304545
1.259272727
1.307162121
1.328492424
1.367931818
1.345106061
1.448837879
1.420987879
1.423216667
1.368756061
1.388281818
1.407269697
1.496545455
1.39415
1.494625758
1.433054545
1.150625758
0.944119697
0.423622727
0.85770303
0.450642424
0.184459091
0.909351515
1.106271212
0.975857576
1.03775
1.068601515
1.07840303
1.095743939
1.033781818
0.992093939
1.013892424
0.994907576
1.013036364
1.02139697
1.079660606
1.112556061
1.094533333
1.094039394
1.074969697
1.101143939
1.090401515
1.061659091
1.010265152
0.800469697
0.468868182
0.649845455
1.036769697
1.303239394
1.197060606
1.079454545
1.115379301
1.201984848
1.053721212
0.928540909
0.997760606
0.972634848
0.939786364
0.904724242
1.019865152
0.918819697
0.998760606
1.009378788
0.996243939
1.077763636
1.062625758
1.037481818
1.068372727
0.967892424
0.910622727
1.018962121
0.920419697
0.870060606
0.89845303
0.994828788
0.885671212
1.00479697
0.916643939
0.952327273
0.955160606
0.933028788
0.915656061
0.874980303
0.898537879
0.909
0.926378788
0.869201515
0.871207576
1.034172727
0.936556061
0.763077273
0.984069697
0.882057576
0.999589394
0.991962121
1.029063636
0.967474242
1.045910606
1.014084848
0.942292424
0.963409091
0.924360606
0.99369697
0.956759091
0.982934848
0.989345455
1.011960606
1.013719697
0.951236364
1.027945455
1.044725758
0.972266667
1.141004545
1.06369582
0.872
0.521056061
0.200384848
0.011277273
0.368698485
3.055074242
3.271777273
0.511225758
0.136254545
0
0
0.001975758
0.40845
0.051228788
0.028563636
0
0
0.093930303
0.31865
3.407572727
6.049566667
5.93740303
4.991672727
3.715756061
2.733265152
2.444204545
2.012242424
1.851093939
1.798312121
2.391390909
2.986166667
0.478493939
0.126269697
0
0
0.005045455
0.405210606
0.048956061
0.033559091
0
0
0.130457576
0.318575758
3.403716667
5.756928788
5.697140909
4.865492424
3.823959091
3.001174242
2.211269697
1.540133333
1.150848485
0.698537879
0.662443939
2.2916
0.448827273
0.118340909
0
0
0.004369697
0.367036364
0.057843939
0.038874242
0
0
0.017568182
0.161724242
0.519727273
0.323278788
0.07675
0.001821212
0
0
0
0
0
0
0.033371212
0.14819697
0.046071212
0.008254545
0
0.002465152
0.170136364
0.056772727
0.016340909
0
0
0.033606061
0.047948485
0.233457576
0.093789394
0.05449697
0.044674242
0.038527273
0.045701515
0.000527273
0
0
0
0
0.187274242
0.31814697
0.027575758
0.017509091
0.552636364
0.11370303
0.208051515
0.114584848
0.06450303
0.001345455
0
0.08919697
0.107398485
0.225510606
3.112128788
5.705786364
5.516072727
4.837533333
3.807737879
2.873863636
2.415463636
1.955924242
1.875525758
1.971363636
2.652393939
2.891956061
0.44534697
0.114884848
0
0
0.208030303
0.224659091
0.053031818
0.011977273
0
0.007836364
0.306427273
0.240321212
2.893230303
5.699942424
5.460631818
5.386759091
5.027451515
4.673286364
4.161869697
4.059513636
4.110413636
4.134612121
4.148766667
3.120551515
0.409763636
0.100377273
0
0
0
0.352192424
0.081025758
0.048056061
0
0
0.322801515
0.307969697
2.801654545
5.579422727
5.473257576
5.404122727
5.203089394
4.492931818
4.202427273
3.793039394
3.187848485
3.267765152
3.404098485
2.989945455
0.433609091
0.11229697
0
0
0.152884848
0.179892424
0.051342424
0.048824242
0.038925758
0.003340909
0.305593939
0.268201515
3.325533333
6.512359091
6.026125758
4.885701515
4.578159091
4.566986667
3.613557576
2.215175758
1.941724242
1.989606061
2.422195455
3.02
0.480537879
0.125980303
0
0
0.347048485
0.09255303
0.158375758
0.097643939
0.054306061
0.195119697
0.945168182
0.335293939
2.155656061
4.73895303
4.078357576
4.06665303
3.554190909
3.367743939
3.329377273
3.194742424
3.123033333
3.227557576
3.188448485
2.494183333
0.395521212
0.100698485
0
0
0
0.239045455
0.122443939
0.035075758
0.000563636
0.018754545
0.178884848
0.06030303
0.050769697
0.055539394
0.043265152
0.161321212
0.061121212
0.010077273
0.317562121
0.126457576
0.054718182
0
0.139445455
0.057806061
0.169821212
0.061572727
0.049228788
0.042881818
0.476736364
0.091856061
0.03124697
0
0
0.184640909
0.081336364
0.571757576
0.097384848
0.044907576
0.044607576
0.048327273
0.056666667
0.107409091
0.07170303
0.056906844
0.035109091
0.030339394
0
0.190465152
0.069039394
0.050659091
0.533075758
0.094957576
0.039984848
0.041418182
0.035793939
0.336306061
0.227287879
0.065736364
0.001609091
0.296818182
2.370791911
4.568021212
4.253906061
4.181006061
3.791734848
3.140145455
2.692906061
1.836365152
1.361748067
1.363172727
1.531580303
2.389413636
0.390084848
0.096343939
0
0
0.074471212
0.312269697
0.037795455
0.020387879
0
0
0.143192424
0.299890909
2.759113636
4.785492424
5.059807576
3.9093
3.243501515
2.938692424
3.025190909
3.380580303
3.01085
2.355760606
2.516084848
2.291484848
0.411960606
0.103633333
0
0
0.015898485
0.4212
0.045818182
0.031624242
0
0
0.138401515
0.313469697
2.934563636
7.370518182
3.754848485
2.019222727
0.788951515
0.302534848
0
0.084818182
1.686545455
2.023380303
2.954442424
3.055304545
0.47545303
0.126192424
0
0
0
0.350683333
0.068018182
0.03884697
0
0.226256061
0.069857576
0.200339394
2.141577273
5.231615152
4.031977273
1.57424697
0.391139394
0.070537879
0
0
0
0.326887879
1.495471212
1.354934848
0.319334848
0.073180303
0
0
0.003010606
0.389289394
0.055943939
0.022168182
0
0
0.047724242
0.371733333
2.625881818
4.895381818
4.443365152
4.168430303
3.698737879
3.194839394
2.578772727
2.650368182
2.671468182
2.654254545
2.472337879
2.492981818
0.465375758
0.122937879
0
0
0.158021212
0.212987879
0.061704545
0.00974697
0
0.045734848
0.264415152
0.081009091
0.017410606
0
0.125666667
0.067443939
0.999412121
0.096462121
0.021387879
0
0
0
0
0.425909091
0.057221212
0.041072727
0.561131818
0.079412121
0.00724697
0
0
0.034712121
0.043056061
0.020427273
0
0.605537879
0.094469697
0.040428788
0
0
0
0
0
0
0.500101515
0.043454545
0.00909697
0
0.004828788
0.024768182
0.038756061
0.120842424
0.127580303
0.055169697
0.030092424
0.073733333
0.111525758
0.050837879
0.002227273
0.288340909
1.882895455
3.974360606
2.909962121
1.481560606
0.477931818
0.125940909
0
0
0.046424242
2.787719697
3.158295455
2.732957576
0.479236364
0.126137879
0
0
0
0.285213636
0.05579697
0.05830303
0.043162121
0.024890909
0.033072727
0.35760303
2.761115152
4.62824697
3.357778788
2.213216667
0.625636364
0.215751515
0
0
0.069021212
2.163039394
2.21025303
2.286715152
0.378274242
0.094463636
0
0
0.009307576
0.293801515
0.057019697
0.035604545
0
0
0.124336364
0.372801515
2.60065303
4.930081818
4.328224242
3.631774242
2.789051515
2.197615152
0.797479467
0.522215152
0.352866667
0.02585
1.246460606
2.239081818
0.459557576
0.121640909
0
0
0.001481818
0.285681818
0.053069697
0.027086364
0
0
0.205262121
0.354501515
2.294242424
4.775530303
4.399581818
4.319619697
3.440006061
2.871745455
2.527527273
2.435595455
2.111222727
2.028990909
1.936036364
1.770725758
0.371872727
0.09290303
0
0
0.180283333
0.188593939
0.047112121
0.008545455
0
0
0.181404545
0.303830303
2.598315152
4.565819697
4.029592424
3.500927273
2.889380303
2.347009091
1.757240909
0.774104545
0.537348485
0.204160606
0.230578788
0.979680303
0.317713636
0.073892424
0
0
0.328231818
0.14544697
0.048609091
0.003045455
0
0
0.244642424
0.077913636
0.037512121
0
0
0
0.478709091
0.141007576
0.033901515
0
0
0
0
0
0
0.475481818
0.039013636
0.003959091
0
0.591404545
0.058193939
0.231769697
0.062263636
0.043418182
0
0
0.009907576
0.044504545
0.107528788
0.060692424
0.007563636
0
0
0
0
0
0
0
0
0
0
0
0.410612121
0.024101515
0.008678788
0
0
0
0
0.407036364
0.198718182
3.290128788
1.999093939
1.992960606
1.9482
1.708548485
1.636306061
0.631869697
0.236489394
0
0
0
0
0
0
0.103786364
0.031257576
0.215140909
0.042939394
0.024686364
0
0
0
0.283928788
0.243410606
3.422795455
2.120240909
2.089384848
2.237728788
1.809863636
1.235533333
0.535624242
0.181733333
0
0
0
0
0
0
0
0.268960606
0.119871212
0.044931818
0
0
0.001727273
0.305795455
0.284928788
3.286057576
5.6566
5.257965152
4.236563636
2.398434848
0.623442424
0.206306061
0
0
0
0
0
0
0
0
0
0.305527273
0.091121212
0.068415152
0
0
0
0.012789394
0.243531818
3.430098485
5.155769697
3.659609091
2.236342424
0.659172727
0.228057576
0
0
0
0
0
0
0
0
0
0.108315152
0.056407576
0.01945303
0
0
0
0
0.006881818
0.330172727
2.355163636
4.371784848
3.225272727
2.216804545
1.139169697
0.418192476
0.069434848
0
0.564290909
1.239780303
1.69789697
2.258518182
0.419819697
0.109024242
0
0
0
0.310039394
0.077572727
0.036245455
0
0
0.002398485
0.282637879
0.072827273
0.023383333
0
0
0.524192424
0.070971212
0.03214697
0
0
0.051942424
0.088337879
0.056139394
0.051745455
0.036822727
0.040907576
0.044542424
0.703113636
0.105945455
0.03239697
0
0
0.018872727
0.046031818
0.042034848
0
0
0.027395455
0.048928788
0.026856061
0
0
0
0
0
0
0.264763636
0.095786364
0.053909091
0
0
0.00710303
0.035187571
0.056289394
0.054727273
0.022018182
0.110621212
0.087568182
0.264412121
3.273618182
5.560951903
4.2656
2.739863636
1.668833333
0.697912121
0.249212121
0
0
0
0
0
0
0
0.025480303
0.119492424
0.138743939
0.107474242
0.05330303
0.597737879
0.096183333
0.047613636
0.533545455
0.494724242
2.888612121
5.440006061
3.278827273
1.751419697
0.575209091
0.17384697
0
0
0
0
0
0
0
0
0
0.3631
0.055233333
0.036945455
0
0.126463636
0.203106061
0.042480303
0.044365152
0.509269697
2.032569697
4.34720303
2.713224242
1.221993939
0.408943939
0.061727273
0
0
0
0
0
0.491763636
0.274754545
0.073790909
0.000909091
0
0
0.169945455
0.082063636
0.05534697
0.613709091
0.213318182
0.054672727
0.333527273
1.019136364
3.936745455
3.152019697
3.270137879
3.272027273
3.035081818
3.031436364
2.935289394
2.758404545
2.679566667
2.727660606
2.272824242
0.387422727
0.095609091
0
0
0
0.067390909
0.161390909
0.041063636
0.007145455
0
0
0.397790909
1.837507576
3.930440909
3.460969697
3.503798485
3.504427273
3.299739394
2.745478788
2.5797
2.09794697
1.850019697
1.953313636
2.374466667
0.469565152
0.125163636
0
0
0
0.283804545
0.067563636
0.031563636
0
0
0
0.180924242
0.066598485
0.02494697
0
0
0.322745455
0.305872727
0.062581818
0.016381818
0
0
0
0
0.036563636
0.043663636
0.0076
0.1139
0.159118182
0.064227273
0
0
0.0096
0.127954545
0.056381818
0.006027273
0
0.479554545
0.120427273
0.056536364
0
0
0
0.007245455
0.611312121
0.064872727
0.009363636
0.131904545
0.052366667
0.04714697
0.060913436
0.053748485
0.113521212
0.203789394
0.076363636
0.042883333
0.0452
0.0384
0.04739697
0.355725758
3.207783333
5.289762121
4.001118182
1.606860606
0.43985
0.088663636
0
0
0
0
0
0
0
0
0
0.029527273
0.121045455
0.050572727
0.041863636
0.046574242
0.000563636
0
0.187269697
0.433707576
1.575536364
4.423027273
3.342145455
2.665904545
1.365881818
0.419827273
0.08
0
0
0
0.184681818
1.392786364
0.408075758
0.1095
0
0
0
0.324133333
0.103692424
0.034290909
0
0
0
0.440554545
1.228237879
4.1633
3.485663636
3.497527273
3.470328788
3.065527273
3.064327273
3.001481818
2.713172727
2.526762121
2.739787879
2.433713636
0.403584848
0.102063636
0
0
0
0.186663636
0.092454545
0.042454545
0
0
0
0.380554545
1.405012121
4.3983
3.694963636
3.206772727
2.694436364
1.071181818
0.340572727
0.311890909
1.422628788
2.777030303
3.033657576
2.678454545
0.416590909
0.106718182
0
0
0
0.068118182
0.162045455
0.043081818
0.007572727
0
0
0.429290909
1.835674126
4.229095455
3.556882127
3.392809091
2.610254545
2.466372727
2.195654545
1.831590909
1.820745455
1.755536364
1.649454545
1.897577273
0.418190909
0.110454545
0
0
0
0.275772727
0.072318182
0.028554545
0
0
0.001454545
0.286790909
0.071027273
0.032690909
0
0.129609091
0.1016
0.022581818
0.0942
0.09540303
0.043345455
0
0
0
0
0
0
0
0.274163636
0.045554545
0.021790909
0
0
0
0
0
0
0
0.493009091
0.085681818
0.042372727
0.026345455
0.028863636
0
0
0
0
0.471381818
0.0934
0.030072727
0
0.074109091
0.055627273
0.037690909
0
0
0.729445455
0.067681818
0.032918182
0.3365
1.621018182
3.887127273
3.2967
3.048409091
2.130809091
1.273081818
1.995572727
1.5026
1.401809091
1.345354545
1.696045455
1.935754545
0.363236364
0.090272727
0
0
0
0.199581818
0.087690909
0.046463636
0
0
0
0.316790909
0.168454545
3.058345455
2.016754545
2.394763636
2.142954545
1.468309091
1.509754545
1.485072727
1.828745455
1.131618182
0.853145455
0.7259
0.392818182
0.103809091
0
0
0.083872727
0.189981818
0.052145455
0.009263636
0
0
0.109718182
0.391572727
1.562754545
4.653418182
3.917472727
3.135972727
2.247934848
1.890172727
1.743918182
2.740972727
2.058072727
2.356472727
1.731036364
1.003263636
0.242590909
0.023381818
0
0
0.008372727
0.136227273
0.047227273
0.049681818
0.044509091
0.010036364
0.041145455
0.369190909
1.983536364
4.138590909
3.801763636
3.9916
3.824854545
3.355827273
2.875536364
1.950272727
1.665563636
1.346527273
0.767781818
1.087845455
0.400290909
0.103309091
0
0
0.083272727
0.185309091
0.056418182
0.007918182
0
0
0.257618182
0.305809091
3.425490909
5.813481818
4.840754545
3.271781818
1.247654545
0.571472727
0.184318182
0
0
0
0
1.417327273
0.361927273
0.092763636
0
0
0
0.227490909
0.071445455
0.0203
0
0
0
0.639181818
0.330309091
0.077563636
0.006236364
0
0
0.197327273
0.061036364
0.030163636
0
0
0
0
0.434090909
0.0546
0.036109091
0
0
0.184627273
0.108472727
0.073081818
0
0
0.131318182
0.071945455
0.057145455
0.057727273
0.003172727
0
0
0
0
0
0
0
0
0
0.112545455
0.369127273
0.022554545
0.0109
0
0.006063636
0.139736364
0.058154545
0.010445455
0
0
0.347163636
2.568054545
4.6369
4.089581818
4.040281818
3.900390909
3.6228
3.4358
3.219045455
2.846936364
2.716236364
2.513609091
2.211445455
0.388672727
0.098409091
0
0
0.003363636
0.451790909
0.066336364
0.049009091
0
0
0.113272727
0.329945455
3.635136364
5.746536364
4.680109091
2.755981818
0.803672727
0.213918182
0
0
0
0.008936364
0.293254545
0.094409091
0.070309091
0
0.1376
0.036027273
0.180163636
0.062463636
0.009263636
0.742890909
0.114624242
0.034136364
0.030427273
0.261727273
2.757409091
4.769736364
3.933681818
3.166954545
2.666606061
2.358254545
1.827745455
1.882945455
1.888445455
1.751257576
1.260519697
0.570451515
0.120063636
0
0
0
0.038709091
0.189140909
0.066537879
0.012136364
0
0
0
0.198472727
1.2387
3.027254545
1.209027273
0.338709091
0.023436364
0
0
0
0
0
0
0
0
0
0
0
0
0
1.154563636
1.294536364
0.1845
0.023054545
0
0.268272727
1.359945455
3.432263636
1.432116667
0.354263636
0.039018182
0
0
0
0
0
0
0
0
0
0
0
0
0
0
0
0
0
1.853690909
0.175681818
0.043254545
0
0
0
0
0
0
0
0
0.570936364
0.054490909
0.014627273
0
0
0
0
0.6117
0.126545455
0.044654545
0.110781818
0.288036364
0.057745455
0.163609091
0.060509091
0.042465152
0
0
0
0
0
0
0
0
0
0
0
0
0.1156
0.014336364
0.003072727
0
0
0
0
0.130936364
2.290554545
0.247281818
0.116854545
0.401818182
2.584481818
1.408909091
1.273645455
0.440736364
0.107436364
0
0
0
0
0
0
0
0
0
0
0.460854545
0.042727273
0.018481818
0
0
0
0
0.268681818
0.923125758
2.708259091
0.804930303
0.262272727
0
0
0
0
0
0
0
0
0
0
0
0
0
0
0
0
0
0
0
0.367581818
0.172848485
2.068628788
0.366948485
0.058754545
0
0
0
0
0
0
0
0
0
0
0
0
0
0
0
0
0
0
0
0.350971212
0.243039394
1.915407576
0.428375758
0.070409091
0
0
0
0
0
0
0
0
0
0
0
0
0
0
0
0
0
0.302345455
0.104074242
0.095831818
0.571672727
2.59339697
0.77530303
0.374718182
0.036069697
0
0
0
0
0.048884848
0.052466667
0.045862121
0
0
0
0.433034848
0.099383333
0.033642424
0
0
0
0.225034848
0.070675758
0.029283333
0
0
0
0
0
0
0
0
0
0
0
0
0
0
0
0.172509091
0.257710606
0.021280303
0.005918182
0
0
0.174207576
0.165687879
0.250806061
0.116713636
0.009325758
0
0
0
0
0
0
0
0
0
0
0
0
0
0
0
0.469830303
0.025880303
0.002445455
0
0
0.041159091
0.297595455
1.757733333
2.830731818
0.556913636
0.145124242
0
0
0
0
0
0
0
0
0
0
0
0
0
0
0
0
0
0.454054545
0.032092424
0.194133333
0.877927273
2.883940909
0.575536364
0.181824242
0
0
0
0
0
0
0
0
0
0
0
0
0
0
0
0
0.463248485
0.026275758
0.00174697
0.266318182
1.197339394
3.228239394
1.632715152
0.530121212
0.142528788
0
0
0
0
0
0
0
0
0
0
0
0
0
0.530821212
0.028518182
0.003245455
0
0
0.433287879
1.503628788
2.946662121
0.681424242
0.235907576
0
0
0
0
0
0
0
0
0
0
0
0
0
0
0
0.465157576
0.016910606
0.000781818
0
0.384293939
0.63994697
2.396272727
0.447586364
0.085636364
0
0
0
0
0
0
0
0
0
0
0
0
0
0
0
0
0
0
0
0
0
0
0
0
0
0
0
0
0
0
0
0
0
0
0
0
0
0
0
0
0
0
0
0
0
0
0
0
0
0
0
0
0
0
0
0
0
0
0
0
0
0
0
0
0
0
0
0.5304
0.269657576
1.885059091
0.428548485
0.124460606
0
0
0
0
0
0
0
0
0
0
0
0
0
0
0
0
0
0
0
0.353625758
1.979948485
3.420316667
1.238239394
0.355818182
0.032878788
0
0
0
0
0
0
0
0
0.02499697
0.32329697
0.059665152
0.028378788
0
0.934495455
0.283925758
0.069969697
0.009189394
0
0.924477273
1.868783333
3.418683732
1.570602926
0.557048485
0.164613636
0
0
0
0
0
0
0
0
0
0
0
0.477490909
0.077459091
0.009048485
0
0
0
0
0.34360303
0.176234848
2.780714472
0.811104089
0.376978788
0.051498485
0
0
0
0
0
0
0
0
0
0
0
0.046116667
0.057192424
0.038337879
0
0
0
0
0.323710606
2.028034848
3.761228788
2.789916667
2.312281818
1.814869697
1.807
1.807
1.807
1.807
1.807
1.807
1.807
1.807
1.807
1.807
1.807
1.807
1.807
1.807
1.807
1.807
1.807
1.807
1.807
1.807
1.807
1.807
1.807
1.807
1.807
1.807
1.807
1.807
1.807
1.807
1.807
1.807
1.807
1.807
1.807
1.807
1.807
1.807
1.807
1.807
1.807
1.807
1.807
1.807
1.807
1.807
1.807
1.807
1.807
1.807
1.807
1.807
1.807
1.807
1.807
1.807
1.807
1.807
1.807
1.807
1.807
1.807
1.807
1.807
1.807
1.807
1.807
1.27320303
0.25004697
0.003871212
0
0
0
0
0
0
0
0
0
0
0
0
0
0
0
0
0
0
0
0
0.410851515
0.111024242
0.01355
0.000136364
0
0
0
0
0
0
0.551781818
0.052563636
0.007937879
0
0
0
0
0
0
0
0
0
0
0
0.347509091
0.141284848
0.302318182
0
0
0
0
0.03050303
0.189718182
0.029998485
0.004633333
0.196984848
0.094709091
0.068763636
0
0
0
0
0
0
0
0
0
0
0.368930303
0.203159091
0.305593939
0
0
0
0.104307576
0.081904545
0.018822727
0
0
0
0
0
0
0
0
0
0
0
0
0
0
0
0.320333333
0.164128788
0.319393939
0
0
0
0
0
0
0
0.038460606
0.108562121
0.021412121
0.0018
0
0
0
0
0
0
0
0
0
0
0
0
0
0
0
0
0
0
0
0
0
0
0
0
0
0
0
0
0
0
0
0
0
0
0
0
0
0
0
0
0
0
0
0
0
0
0
0
0
0
0
0
0
0
0
0
0
0
0.417537879
0.130201515
0.101425758
0
0
0
0
0
0
0
0
0
0
0
0
0
0
0
0
0
0
0
0
0
0.449451515
0.120928788
0.013908203
0.000227273
0
0
0
0
0
0
0
0
0
0
0
0
0
0
0
0
0
0
0
0.24119697
0.200815152
0.163201515
2.129971212
0.301543939
0.040851515
0
0
0
0
0
0
0
0
0
0
0
0
0
0
0
0
0
0
0.452259091
0.061680303
0.124722727
2.322618182
0.441421212
0.098169697
0
0
0
0
0
0
0
0.030592424
0.01685303
0.00519697
0
0
0
0
0
0
0
0
0
0.342877273
0.153880303
1.969174242
0.709325758
0.789209091
0.566643939
0.224766667
0
0
0
0
0
0
0
0
0
0
0
0
0
0.370631818
0.061186364
0.003815152
0
0
0
0
0
0
0
0
0
0
0
0
0
0
0
0
0
0
0
0
0.605124242
0.03845
0.022827273
0
0
0
0
0
0
0
0
0
0
0
0
0
0
0
0
0
0
0
0
0
0
0
0
1.913142424
0.6346
0.149775758
0.357828788
2.709121212
0.479174242
0.136480303
0
0
0
0
0
0
0
0
0
0
0
0
0
0
0
0
0
0
0
0.387413636
0.219201515
2.703978788
0.906134848
0.371863636
0.049728788
0
0
0
0
0
0.048330303
0.071156061
0.040010606
0
0
0
0
0
0.496248485
0.041154545
0.004239394
0
0
0.426477273
0.209907251
2.707246097
0.837259848
0.328695455
0
0
0
0
0
0
0
0
0
0
0
0
0
0.311043939
0.071825758
0.03819697
0
0
0
0.338243939
1.552569697
3.50545303
1.730940909
0.467834848
0.113395455
0
0
0
0
0
0
0
0
0
0
0
0
0
0
0
0
0.371313636
0.041480303
0.148224242
0.269890693
2.317456061
0.409869697
0.095593939
0
0
0
0
0
0
0
0
0
0
0
0
0
0
0
0
0
0
0
0
0
0
0
0
0
0
0
0
0
0
0
0
0
0
0
0
0
0
0
0
0
0
0
0
0
0
0
0
0
0
0
0
0
0
0
0
0
0
0
0
0
0
0
0
0
0
0
0.334881818
0.236709091
1.930172727
0.442380303
0.138015152
0
0
0
0
0
0
0
0
0
0
0
0
0
0
0
0
0
0
0
0.342974242
0.187840909
2.501975758
0.94864697
0.385066667
0.062548485
0
0
0
0
0
0
0
0
0
0
0
0
0
0
0
0.199612121
0.208136364
0.015716667
0.317381818
0.135871212
0.469909091
0.325286364
0.074884848
0
0
0
0
0
0
0
0
0
0
0
0
0
0
0
0
0
0
0
0.456083333
0.150648485
0.166468182
0
0
0
0
0
0
0
0
0
0
0
0
0
0
0
0
0
0
0
0
0
0.302139394
0.208033333
0.288063636
0
0
0
0
0.024692424
0.145875758
0.023875758
0.003001515
0
0
0
0
0
0
0
0
0
0
0.001736364
0.334781818
0.01515
0.000537879
0
0
0
0
0
0
0
0
0
0
0
0
0
0
0
0
0
0
0.557583333
0.028618182
0.002924242
0
0
0
0
0
0
0
0
0
0
0
0
0
0
0
0
0
0
0
0
0
0
0
0
0
0
0.448137879
0.220106061
0.305919697
0
0
0
0
0.037942424
0.080763636
0.018663636
0
0
0
0
0
0
0
0
0
0
0
0
0
0
0.451730303
0.168595455
0.205706061
0
0
0
0
0
0
0
0.163277273
0.071636364
0.018443939
0
0
0
0
0
0
0
0
0
0
0
0.432662121
0.139234953
0.132037879
0.010313636
0
0
0
0
0
0
0
0
0
0
0
0
0
0
0
0
0
0
0
0
0.358486364
0.178221212
0.312878788
0
0
0
0
0
0
0
0
0
0
0
0
0
0
0
0
0
0
0
0
0
0.360559091
0.107001515
0.012533333
0.000165152
0
0
0
0
0
0
0
0
0
0
0
0
0
0
0
0
0
0
0
0
0
0
0
0
0
0
0
0
0
0
0
0
0
0
0
0
0
0
0
0
0
0
0
0
0
0
0
0
0
0
0
0
0
0
0
0
0
0
0
0
0
0
0
0
0
0
0
0
0.398280303
0.210065152
0.199454545
0
0
0
0
0
0
0
0
0
0
0
0
0
0
0
0
0
0
0
0
0
0.367598485
0.217213636
0.252736364
0
0
0
0
0
0.143712121
0.034987879
0.006127273
0
0
0
0
0
0
0
0
0
0
0
0
0
0.34824697
0.188210606
0.131071212
0
0
0
0
0
0
0
0
0
0
0
0
0
0
0
0
0
0
0
0
0
0.449922727
0.145181818
0.053621212
0.00604697
0
0
0
0
0
0
0
0
0
0
0
0
0
0
0
0
0
0
0
0
0.417684848
0.117657576
0.012969697
0.000271212
0
0
0
0
0
0
0
0
0
0
0
0
0
0
0
0
0
0
0
0
0
0
0
0
0
0
0
0
0
0
0
0
0
0
0
0
0
0
0
0
0
0
0
0
0
0
0
0
0
0
0
0
0
0
0
0
0
0
0
0
0
0
0
0
0
0
0
0
0.437427273
0.118636364
0.039757576
0
0
0
0
0
0
0
0
0
0
0
0
0
0
0
0
0
0
0
0
0
0.423125758
0.199669697
0.199939394
0
0
0
0
0
0.250677273
0.065292424
0.014981818
0
0
0
0
0
0
0
0
0
0
0
0
0.469756061
0.072009091
0.109251515
2.105374242
0.355433333
0.067418182
0
0
0
0
0
0
0
0
0
0
0
0
0
0
0
0
0
0
0
0.415278788
0.118692424
0.015174242
0.003715152
0
0
0
0
0
0
0
0
0
0
0
0
0
0
0
0
0
0
0
0
0.420431818
0.149975758
0.299101515
0
0
0
0
0
0
0
0
0.020679762
0.1406
0.09505
0.004637879
0
0
0
0
0
0
0
0
0
0
0
0
0
0
0
0
0
0
0
0
0
0
0
0
0
0
0
0
0
0
0
0
0
0
0
0
0
0
0
0
0
0
0
0
0
0
0
0
0
0
0
0
0
0
0
0
0
0.541392424
0.14305303
0.275527273
0
0
0
0
0
0
0
0
0
0
0
0
0
0
0
0.380537879
0.211581818
0.018783333
0.00124697
0
0
0.40589697
0.142506061
0.476319697
0.366228788
0.095319697
0
0
0
0
0
0
0
0
0
0
0
0
0
0
0
0
0
0
0
0.429369697
0.167801515
1.767393939
0.41485303
0.120937879
0
0
0
0
0
0
0
0
0
0
0
0
0
0
0
0
0
0
0
0.460409091
0.155472727
0.298275758
0
0
0
0
0
0
0
0
0
0
0
0
0
0
0
0
0
0
0
0
0
0.391331818
0.111348485
0.014525758
0.000172727
0
0
0
0
0
0
0
0
0
0
0
0
0
0
0
0
0
0
0
0
0
0
0
0
0
0
0
0
0
0
0
0
0
0
0
0
0
0
0
0
0
0
0
0
0
0
0
0
0
0
0
0
0
0
0
0
0
0
0
0
0
0
0
0
0
0
0
0
0.435942424
0.117915152
0.010963636
0.000271212
0
0
0
0
0
0
0
0
0
0
0
0
0
0
0
0
0
0
0
0
0.512071212
0.12034697
0.053265152
0
0
0
0
0
0
0
0
0
0
0
0
0
0
0
0
0
0
0
0
0
0.307954545
0.307954545
0.020518182
0.001640909
0
0
0
0
0
0
0
0
0
0
0
0
0
0
0
0
0
0
0
0
0
0.412528788
0.150291014
0.032969697
0.000790909
0
0
0
0
0
0
0
0
0
0
0
0
0
0
0
0
0
0
0
0
0.481692424
0.108932497
0.025480303
0
0
0
0
0
0
0
0
0
0
0
0
0
0
0
0
0
0
0
0
0
0
0
0
0
0
0
0
0
0
0
0
0
0
0
0
0
0
0
0
0
0
0
0
0
0
0
0
0
0
0
0
0
0
0
0
0
0
0
0
0
0
0
0
0
0
0
0
0.395180303
0.110409091
0.016656061
0.003348485
0
0
0
0
0
0
0
0
0
0
0
0
0
0
0
0
0
0
0
0
0.34144697
0.108757576
0.009259091
0.0002
0
0
0
0
0
0
0
0
0
0
0
0
0
0
0
0
0
0
0
0
0.40304697
0.112757576
0.090290909
0.000909091
0
0
0
0
0
0.064286364
0.118872727
0.023001515
0.0015
0
0
0
0
0
0
0
0
0
0
0
0.426154545
0.125831818
0.260965152
0.006674242
0
0
0
0
0.193365152
0.086642424
0.017898485
0
0
0
0
0
0
0
0
0
0
0
0
0.357337879
0.153278788
0.131830303
2.378475758
0.374895455
0.075828788
0
0
0
0
0
0
0
0
0
0
0
0
0
0
0
0
0
0
0
0
0
0
0
0
0
0
0
0
0
0
0
0
0
0
0
0
0
0
0
0
0
0
0
0
0
0
0
0
0
0
0
0
0
0
0
0
0
0
0
0
0
0
0
0
0
0
0
0.449028788
0.114859091
0.207601515
0.002278788
0
0
0
0
0
0
0
0
0
0
0
0
0
0
0
0
0
0
0
0
0.350595455
0.10814697
0.120968182
0.006675758
0
0
0
0
0
0
0
0
0
0
0
0
0
0
0
0
0
0
0
0
0.370168182
0.111704545
0.089633333
0.00570303
0
0
0
0
0
0
0
0
0
0
0
0
0
0
0
0
0
0
0
0
0.36390303
0.127040909
0.011675758
0.000431818
0
0
0
0
0
0
0
0
0
0
0
0
0
0
0
0
0
0
0
0
0
0
0
0
0
0
0
0
0
0
0
0
0
0
0
0
0
0
0
0
0
0
0
0
0
0
0
0
0
0
0
0
0
0
0
0
0
0
0
0
0
0
0
0
0
0
0
0
0
0
0
0
0
0
0
0
0
0
0
0
0
0
0
0
0
0
0
0
0
0
0
0
0.485187879
0.148295455
0.25889697
0.023993939
0
0
0
0
0
0
0
0
0
0
0
0
0
0
0
0
0
0
0
0
0
0
0
0
0
0
0
0
0
0
0
0
0
0
0
0
0
0
0
0
0
0
0
0
0
0
0
0
0
0
0
0
0
0
0
0
0
0
0
0
0
0
0
0
0
0
0
0
0.419789394
0.112463636
0.259159091
0.009945455
0
0
0
0
0
0
0
0
0
0
0
0
0
0
0
0
0
0
0
0
0.434615152
0.128012121
0.298115152
0.015810606
0
0
0
0
0
0
0
0
0
0
0
0
0
0
0
0
0
0
0
0
0
0
0
0
0
0
0
0
0
0
0
0
0
0
0
0
0
0
0
0
0
0
0
0
0
0.32694697
0.115737879
0.009230303
5.45455E-05
0
0
0
0
0
0
0
0
0
0
0
0
0
0
0
0
0
0
0
0.422010606
0.123922727
0.345434848
0.299463636
0.12515303
0
0
0
0
0
0
0
0
0
0
0
0
0
0
0
0
0
0
0
0.499754545
0.175145455
1.05025
0.535919697
0.211077273
0
0
0
0
0
0
0
0
0
0
0
0
0
0
0
0
0
0
0
0.425915152
0.168256061
2.488484848
0.963839394
0.563474242
0.185445455
0
0
0
0
0
0
0
0
0
0
0
0
0
0
0
0
0
0
0.344290909
0.241401515
3.588722727
2.206106061
1.948424242
0.860327273
0.293192424
0.005327273
0
0
0
0.665575758
0.853427273
0.193893939
0.010227273
0
0
0
0
0
0
0
0
0.533262121
0.095827273
1.002066667
4.106457576
1.664031818
0.414975758
0.103495455
0
0
0
0
0
0
0
0
0
0
0
0
0
0
0
0
0
0
0
0
0
0
0
0
0
0
0
0
0
0
0
0
0
0
0
0
0
0
0
0
0
0
0
0
0
0
0
0
0
0
0
0
0
0
0
0
0
0
0
0
0
0
0
0
0
0
0.373092424
0.112657576
0.154925758
0.0158
0
0
0
0
0
0
0
0
0
0
0
0
0
0
0
0
0
0
0
0
0
0
0.560022727
0.595695455
0.263369697
0
0
0
0
0
0
0
0
0
0
0
0
0
0
0
0
0
0
0
0.440143939
0.172358658
1.761648485
0.406384848
0.117321212
0
0
0
0
0
0
0
0
0
0
0
0
0
0
0
0
0
0
0
0
0.455615152
0.187709091
0.075539394
0
0
0
0
0
0
0
0
0
0
0
0
0
0
0
0
0
0
0
0
0.297127273
0.200604545
0.089956061
0.035743939
0
0
0
0
0
0
0
0
0
0
0
0
0
0
0
0
0
0
0
0
0
0
0
0
0
0
0
0
0
0
0
0
0
0
0
0
0
0
0
0
0
0
0
0
0
0
0
0
0
0
0
0
0
0
0
0
0
0
0
0
0
0
0
0
0
0
0
0
0.442537879
0.133369697
0.281336364
0.028692424
0
0
0
0
0
0
0
0
0
0
0
0
0
0
0
0
0
0
0
0
0.377904545
0.150160606
1.736481818
0.383451515
0.101727273
0
0
0
0
0
0
0
0
0
0
0
0
0
0
0
0
0
0
0
0.347431818
0.133183333
0.050309091
0.022045455
0
0
0
0
0
0
0
0
0
0
0
0
0
0
0
0
0
0
0
0
0.358284848
0.12164697
0.224856061
0.021218182
0
0
0
0
0
0
0
0
0
0
0
0
0
0
0
0
0
0
0
0
0
0
0.525256061
0.079427273
0.0148
0
0
0
0
0
0
0
0
0
0
0
0
0
0
0
0
0
0
0
0
0
0
0
0
0
0
0
0
0
0
0
0
0
0
0
0
0
0
0
0
0
0
0
0
0
0
0
0
0
0
0
0
0
0
0
0
0
0
0
0
0
0
0
0
0
0
0
0.578145455
0.21970303
3.811210606
2.595345455
2.464077273
1.278059091
1.016892424
1.183230303
1.345095455
1.30145
1.587831818
1.600187879
1.721056061
0.319418182
0.079457576
0
0
0
0
0
0
0
0
0
0.336942424
0.160778788
3.609743939
2.454581818
2.347340909
2.360816667
1.733442424
0.689731818
0.267110606
0
0
0
0
0
0
0
0
0
0
0
0
0
0
0
0.326509091
0.506916667
4.058695455
2.444242424
1.557457576
0.4143
0.114710606
0
0
0
0
0
0
0
0
0
0
0
0
0
0
0
0
0
0.435154545
0.244136364
4.009759091
1.659006061
0.741372727
0.238751515
0.006281818
0
0
0
0
0
0
0
0
0
0
0
0
0
0
0
0
0
0.40539697
0.1364
2.450856061
1.234518182
0.430413636
0.124430303
0
0
0
0
0
0
0
0
0
0
0
0
0
0
0
0
0
0
0
0
0
0
0
0
0
0
0
0
0
0
0
0
0
0
0
0
0
0
0
0
0
0
0
0
0
0
0
0
0
0
0
0
0
0
0
0
0
0
0
0
0
0
0
0
0
0
0.4465
0.128275758
0.346342424
0.291530303
0.132625758
0
0
0
0
0
0
0
0
0
0
0
0
0
0
0
0
0
0
0
0.380654545
0.123198485
1.312528788
0.417069697
0.142689394
0
0
0
0
0
0
0
0
0
0
0
0
0
0
0
0
0
0
0
0.373045455
0.117160606
0.245431818
0.01529697
0
0
0
0
0
0
0
0
0
0
0
0
0
0
0
0
0
0
0
0
0
0
0.304780303
0.358407576
0.217401515
0
0
0
0
1.026095455
0.945275758
1.038374242
1.148006061
0.37825303
0.101093939
0
0
0
0
0
0
0
0
0
0.399978788
0.169271212
3.209209091
1.719113636
0.828768182
0.419268182
0.119684848
0
0
0
0
0
0
0
0
0
0
0
0
0
0
0
0
0
0
0
0
0
0
0
0
0
0
0
0
0
0
0
0
0
0
0
0
0
0
0
0
0
0
0
0
0
0
0
0
0
0
0
0
0
0
0
0
0
0
0
0
0
0
0
0
0
0
0
0
0
0
0
0
0
0
0
0
0
0
0
0
0
0
0
0
0
0
0
0
0
0.347163636
0.125290909
0.178263636
0.026854545
0
0
0
0
0
0
0
0
0
0
0
0
0
0
0
0
0
0
0
0
0.412481818
0.193527273
3.251236364
1.610671355
0.481293939
0.152990909
0
0
0
0
0
0
0
0
0
0
0
0
0
0
0
0
0
0
0.503769697
0.232157576
3.756971212
2.379221212
2.053737879
1.014710606
0.321816667
0.037815152
0
0
0
0
2.735418182
0.331681818
0.088268182
0
0
0
0
0
0
0
0
0
0.4062
0.260072727
3.867990909
2.545427273
2.269251515
1.338354545
0.898292424
0.443843939
1.526627273
2.335971212
2.679459091
2.889934848
3.273437879
0.35175
0.091515152
0
0
0
0
0
0
0
0
0
0
0
0
0
0
0
0
0
0
0
0
0
0
0
0
0
0
0
0
0
0
0
0
0.487109091
0.020227273
0.004245455
0
0
0
0
0
0
0
0
0
0
0
0
0
0
0
0
0
0
0
0
0
0
0.466063636
0.998863636
5.074722727
5.683818182
5.049218182
4.774975758
4.265090909
4.049554545
3.849972727
3.727368182
3.454763636
3.309490909
2.598718182
0.324390909
0.082463636
0
0
0
0
0
0
0
0
0
0.372472727
0.321956061
4.961024242
5.074381818
4.846666667
4.605731818
3.858906061
3.578160606
3.511389394
2.800506061
1.546143939
1.207124242
0.506330303
0.126066667
0
0
0
0
0
0
0
0
0
0
0.477824242
0.205183333
4.301618182
3.156874242
2.417793939
1.041166667
0.316512121
0.042228788
0
0
0
0
0
0
0
0
0
0
0
0
0
0
0
0
0.45504697
0.238806061
4.244569697
2.975992424
2.628430303
1.610348485
0.622542424
0.232118182
0
0
0
0
0
0
0
0
0
0
0
0
0
0
0
0
0.341824242
0.272528788
4.42490303
3.363963636
2.91594697
1.888295455
0.664080303
0.247772727
0
0
0
0
0
0
0
0
0
0
0
0
0
0
0
0
0
0
0
0
0
0
0
0
0
0
0
0
0
0
0
0
0
0
0
0
0
0
0
0
0
0
0
0
0
0
0
0
0
0
0
0
0
0
0
0
0
0
0
0
0
0
0
0
0.521992424
0.176101515
1.9526
1.676598485
1.704
0.995015152
0.259462121
0.003722727
0
0
0
0
0
0
0
0
0
0
0
0
0
0
0
0
0.377551515
0.221272727
3.930822727
2.481931818
2.342562121
2.35935303
2.342157576
1.965459091
0.942275758
0.590439394
0.374948485
2.725093939
1.746386364
0.286101515
0.06914697
0
0
0
0
0
0
0
0
0
0.390212121
0.254262121
4.207110606
3.633554545
3.58334697
1.137622727
0.356015152
0.070945455
0
0
0
0
0
0
0
0
0
0
0
0
0
0
0
0
0.383262121
0.116013636
0.065006061
0.004869697
0
0
0
0
0
0
0
0
0.135772727
0.181472727
0.043692424
0.000245455
0
0
0
0
0
0
0
0
0.4352
0.210563636
1.604698485
0.445275758
0.141427273
0
0
0
0
0
0
0
0
0
0
0
0
0
0
0
0
0
0
0
0
0
0
0
0
0
0
0
0
0
0
0
0
0
0
0
0
0
0
0
0
0
0
0
0
2.232113636
0.716181818
0.171001515
0
0
0
0
0
0
0
0
0
0
0
0
0
0
0
0
0
0
0
0.507398485
0.101069697
0.044387879
2.264328788
0.43545
0.088206061
0
0
0
0
0
0
0.169313636
0.05229697
0.012209091
0
0
0
0
0
0
0
0
0
0
0.424751515
0.133757576
0.228586364
0
0
0.037539394
0.069581818
0.038769697
0
0
0
0.007628788
0.255274242
0.21225
0.063184848
0
0
0
0.400968182
0.137209091
0.014034848
0.000509091
0
0
0.347031818
0.132065152
0.362174242
0.02375
0
0
0
0
0.016413636
0.100557576
0.036078788
0.031495455
0.033201515
0
0
0
0
0
0
0
0
0
0
0
0.331412121
0.134137879
0.48255303
0.359883333
0.070636364
0
0
0
0
0
0
0
0
0
0
0
0
0
0
0
0
0
0
0
0.429412121
0.15624697
0.394824242
0.317742424
0.10104697
0
0
0
0
0
0
0
0
0
0
0
0
0
0
0
0
0
0
0.498956061
0.031316667
0.003398485
0
0
0
0
0
0
0
0
0
0
0
0
0
0
0
0.4362
0.152607576
0.015887879
0.002189394
0
0
0
0
0
0
0
0
0
0
0
0
0
0
0
0
0
0
0
0
0
0
0
0
0
1.858265152
0.708030303
0.190504545
0.246534848
2.914431818
0.693859091
0.303333333
0.192960606
0.078560606
0
0
0
0
0
0
0
0
0
0
0
0
0
0
0
0
0.488481818
0.062007576
0.416778788
2.850622727
0.626743939
0.195119697
0
0
0
0
0
0
0
0
0
0
0
0
0
0
0
0
0
0
0.202165152
0.236906061
0.136875758
0.246142424
0.215604545
0.082295455
0
0
0
0
0
0
0
0
0
0
0
0
0
0
0
0
0
0
0.489786364
0.099865152
0.185206061
2.995942424
0.971748485
0.32445
0.008031818
0
0
0
0
0
0
0
0
0
0
0
0
0.287010606
0.175280303
0.018480303
0.00105303
0
0
0.415931818
0.187813636
2.355893939
0.435509091
0.083554545
0
0
0
0
0
0
0
0
0
0
0
0
0
0
0.277513636
0.154780303
0.015272727
0.000718182
0
0
0
0
0
0
0
0
0
0
0
0
0
0
0
0
0
0
0
0
0
0
0
0
0
0
0
0
0
0
0
0
0
0
0
0
0
0
0
0
0
0
0
0
0
0
0
0
0
0.367093939
0.245369697
0.322333333
0
0
0
0
0
0
0.015354545
0.285181818
0.036486364
0.006609091
0
0
0
0
0
0
0
0
0
0
0
0.482724242
0.145457106
0.039777273
0.004227273
0
0
0
0
0
0
0
0
0
0
0
0
0
0
0
0
0
0
0
0
0.396721212
0.133492424
0.268378788
0
0
0
0
0
0
0
0
0
0.199225758
0.163730303
0.04285303
0
0
0
0
0
0
0
0
0
0.452613636
0.162521212
0.302954545
0
0
0
0
0
0
0
0
0
0
0
0
0
0
0
0
0
0
0
0
0
0.315201515
0.173984848
0.460134848
0.355766667
0.091118182
0
0
0
0
0
0
0
0
0
0
0
0
0
0
0
0
0
0
0
0
0
0
0
0
0
0
0
0
0
0
0
0
0
0
0
0
0.474163636
0.100568182
0.003001515
0
0
0
0.106290909
0.164589394
0.065886364
0.007890909
0
0
0
0
0
0
0
0
0
0
0
0.572025758
0.022962121
0.001931818
0
0
0
0.332748485
0.068759091
0.057960606
0
0.396443939
1.194707576
3.576616667
2.533789394
2.024878788
1.235
0.439054545
0.074989394
0
0
0
0
0
0
0
0
0
0
0
0
0
0
0
0
0.292878788
1.474598485
3.718825705
3.225359091
2.894414681
2.802951515
2.733190909
2.435609091
1.946601515
1.988337879
2.046975758
2.080951515
1.87245303
0.373798485
0.089127273
0
0
0
0.137742424
0.060586364
0.0385
0
0
0
0.256327273
1.318298485
3.912156061
3.276830303
3.340101515
3.371631818
3.162030303
3.139622727
3.184640909
3.154384848
3.177815152
3.151898485
2.821343939
0.497169697
0.129475758
0
0
0
0
0
0
0
0
0
0.270640909
2.280234848
4.386736364
4.020771753
3.886522727
3.891566667
3.900706844
3.871289394
3.875062121
3.707160606
3.559740909
3.307268182
2.120565152
0.412333333
0.099981818
0
0
0
0.123310606
0.061274242
0.040743939
0
0
0
0.286413636
1.260240909
3.840645455
3.128412121
3.106424242
2.459842424
2.079728788
2.053924242
1.720048485
1.813686364
1.872681818
1.877266667
1.708227273
0.362754545
0.087284848
0
0
0
0.169013636
0.090939394
0.047860606
0
0
0
0
0
0
0
0
0
0
0
0
0
0
0
0
0
0
0
0
0
0
0
0
0
0
0
0
0
0
0
0
0
0
0
0
0
0
0
0
0
0.522337879
0.051754545
0.016618182
0
0
0.001190909
0.034339394
0.041783333
0.006692424
0
0.352972727
0.167215152
2.598206061
1.41634697
1.285256061
1.281478788
1.333069697
1.256589394
0.495774242
0.142442424
0
0
0.095616667
0.215457576
0.053537879
0.003293939
0
0
0
0
0
0
0
0
0.292457576
0.197531818
2.921495089
1.405716667
0.754389394
0.265298485
0
0
0
0.0067
0.079906061
0.266721212
0.214606061
0.077537879
0.053369697
0
0
0
0
0
0
0
0
0
0.401527273
0.145071212
3.109862121
1.756085684
1.575589394
1.094640909
0.38570303
0.062498485
0
0
0
0.050284848
0.271206061
0.138522727
0.018324242
0
0
0
0
0.549436364
0.043019697
0.004962121
0
0
0.331166667
0.1474
2.598627273
1.325086364
0.746218182
0.244266667
0.045909091
0
0.001963636
0.178792424
0.045510606
0.016345455
0
0
0
0
0
0
0
0
0
0
0
0
0.308477273
0.20355303
3.430881818
2.473422727
0.979769697
0.268237879
0.011001515
0
0
0.038115152
0.191021212
0.044042424
0.011393939
0
0
0
0
0
0
0
0
0
0
0
0
0
0
0
0
0
0
0
0
0
0
0
0
0
0
0
0
0
0
0
0
0
0
0
0
0
0
0
0
0
0.000336364
0.32784697
0.022630303
0.001718182
0
0
0
0
0.016069697
0.187116667
0.033987879
0.016090909
0
0
0
0
0
0
0.376478788
0.645930303
4.560507576
3.838787879
1.350860606
0.352722727
0.042336364
0
0
0
0
0.266515152
0.128283333
0.020948485
0.001
0
0
0
0
0
0
0.487465152
0.069925758
0.008962121
0.305913636
0.45786641
4.289812121
2.743015152
0.782539394
0.239295455
0
0
0
0
0
0.268689394
0.086140909
0.020209091
0
0
0
0.215024242
0.1839
0.031271212
0.001818182
0
0
0
0.403992424
0.84265
3.704421212
2.865981818
1.232872727
0.337560711
0.039387879
0
0
0.137577273
0.141783333
0.217827273
0
0
0
0
0
0.098365152
0.021531818
0.004216667
0.157718182
0.034728788
0.006345455
0
0.395640909
0.182554545
3.128915465
2.062412198
0.566051515
0.188793939
0
0
0
0
0
0
0.14650303
0.040980303
0.008772727
0
0
0.178822727
0.085386364
0.053239394
0
0
0
0
0.375495455
0.544815152
3.140789394
1.919089394
0.804743939
0.310692424
0
0
0
0
0
0.241266667
0.208239394
0.243280303
0.103468182
0
0
0
0
0
0
0
0
0
0
0
0
0
0
0
0
0
0
0
0
0
0.3899
0.122781818
0.013263636
0.000336364
0
0
0
0.320275758
0.050627273
0.040869697
0
0
0
0
0
0
0
0
0
0
0
0
0
0
0
0
0.425712121
0.085307576
0.010828788
0
0
0
0
0.381242424
0.049624242
0.033893939
0.394922727
1.149925758
3.935584378
2.6278
2.183477273
1.053531818
0.321442424
0.010137879
0
0
0
0.11225
0.372448485
0.175110606
0.020410606
0
0
0
0.0707
0.301040909
0.049251515
0.019659091
0
0
0.339190909
1.842984848
4.54810303
3.946318182
2.741642424
1.909668182
0.724460606
0.171989394
0
0
0
0
0
0
0
0
0
0
0.080077273
0.086704545
0.046386364
0
0
0
0.345842424
0.150786364
1.933531818
0.456284848
0.135859091
0
0
0
0
0
0
0
0
0
0
0
0
0
0
0
0
0
0
0
0.432948485
0.175266667
1.682756061
0.438801515
0.13605303
0
0
0
0
0
0.057275758
0.137337879
0.026219697
0.001856061
0
0
0
0
0
0
0
0
0
0
0.410516667
0.123913636
0.245795455
0
0
0
0
0
0
0
0.149625758
0.033210606
0.020181818
0
0
0
0
0
0
0
0
0
0
0
0
0
0
0
0
0
0
0
0
0
0
0
0
0
0
0
0
0
0
0
0
0
0
0
0
0
0
0
0
0
0
0
0
0
0
0
0
0
0
0
0
0
0
0
0
0
0
0
0.524269697
0.135778788
0.069665152
0.003654545
0
0
0
0
0
0
0
0.140054545
0.072721212
0.015001515
0
0
0
0
0
0
0
0
0
0
0.451513636
0.142487879
0.06151442
0.002036364
0
0.164487879
0.069240491
0.025354545
0
0
0.160319697
0.054927273
0.024486364
0
0
0
0
0
0
0
0
0
0
0
0.451583333
0.160851515
0.242622727
0
0
0.006183333
0.234025758
0.038778788
0.043206061
0.030927273
0.018613636
0.032869697
0.155722727
0.238724242
0.067986364
0
0
0
0
0
0
0
0
0
0.422818182
0.161475758
0.263065152
0
0
0
0
0
0
0.004372727
0.200919697
0.036681818
0.021806061
0
0
0
0
0
0
0
0
0
0
0
0.499287879
0.144378788
0.162487879
0.000275758
0
0
0
0
0
0
0
0
0
0
0
0
0
0
0
0
0
0
0
0
0
0
0
0
0
0
0
0
0
0
0
0
0
0
0
0
0
0
0
0
0
0
0
0
0.296121212
0.057040909
0.013236364
0
0
0
0
0
0
0
0
0
0
2.384309091
0.437989394
0.11990303
0
0
0
0
0
0
0
0.827233333
0.181540909
0.230833333
0.322704545
0.071189394
0
0
2.921124242
1.18680303
0.164837879
0.020865152
0
0.045254545
0.200012121
0.182416667
0.072587879
0
0
0
0
0
0
0
0
0
0.410995455
0.182160606
0.252422727
0
0
0
0.070890909
0.049230303
0.093881818
0.078478788
0.032769697
0
0
0
0
0
0
0
0
0
0
0
0
0
0.409260606
0.13040303
0.244215152
0
0
0.073787879
0.06185303
0.033027273
0.022774242
0.023659091
0.020769697
0.107206061
0.106554545
0.018463636
0.001063636
0
0
0
0
0
0
0
0
0
0.414121212
0.155584848
0.279886364
0
0
0
0
0.118978788
0.050934848
0.080360606
0
0
0
0
0
0
0
0
0
0
0
0
0
0
0.364272727
0.14949697
0.630204545
0.721515152
4.789374242
2.069643939
1.793162121
2.529065152
2.661854545
2.774775758
1.190721212
0.340671212
0.069907576
0
0
0
0
0
0.075606061
0.093137879
0.053581818
0
0
0
0
0
0
0
0
0
0
0
0
0
0
0
0
0
0
0.011540909
0.036483333
0.046230303
0
0
0
0
0
0
0
0.04395303
0.052656061
0.011684848
0
0
0
0
0
0
0
0.022166667
0.133115152
0.055627273
0.004709091
0
0.102790909
0.104968182
0.049624242
0
0
0
0
0
0.230115152
2.927618182
9.222874242
6.395168182
5.348857576
4.531237879
3.859424242
3.310689394
3.456745455
3.075592424
3.459595455
4.021842424
2.112993939
0.205159091
0.040666667
0
0
0.097886364
0.110312121
0.045381818
0
0
0
0.212495455
0.294409091
1.965693939
8.174198485
4.940737879
3.870266667
3.839965152
3.790492424
3.774118182
3.830872727
4.017909091
3.888428788
3.943559091
1.959862121
0.183933333
0.034028788
0
0
0
0.328821212
0.056234848
0.024522727
0
0
0
0.352978788
1.181225758
6.463324242
3.51254697
3.135043939
2.941539394
2.783766667
2.800281818
2.838416667
0.610160606
1.28965
1.252477273
0.520601515
0.288462121
0.098395455
0
0
0.050636364
0.071801515
0.03555303
0
0
0
0.118348485
0.339137879
2.616631818
7.214583333
6.280039394
4.915118182
3.218380303
2.97514697
2.581092424
2.304624242
2.3086
2.658642424
2.576275758
0.527633333
0.142798485
0
0
0
0.203454545
0.159795455
0.044319697
0.00724697
0
0
0.256381818
0.290122727
3.033840909
9.021137879
6.279428788
4.804324242
1.92794697
0.4121
0.124801515
0
0
0
1.341174242
3.019193939
0.473075758
0.125713636
0
0
0
0.312466667
0.065571212
0.025842424
0
0
0
0.189669697
0.077439394
0.056083333
0
0
0
0.378310606
0.060013636
0.01625
0
0
0.069724242
0.097309091
0.050475758
0
0
0
0
0
0
0
0
0
0
0
0
0
0
0
0
0
0
0
0
0
0
0
0
0
0
0
0
0
0
0.055975758
0.085310606
0.046925758
0
0.257766667
1.008390909
3.253424242
2.377195455
2.077693939
1.067442424
0.420901515
0.104436364
0
0
0
0
0
0
0
0
0
0
0.037566667
0.110459091
0.024572727
0.001162121
0
0
0.309498485
0.466840909
4.180501515
3.583471212
3.472283333
2.510718182
1.762465152
2.125292424
0.832460606
0.294648485
0
0
0
0
0
0
0
0
0
0
0
0
0
0
0.369431818
0.199963636
3.603919697
2.876318182
2.095512121
1.228981818
0.531075758
0.195660606
0
0
0
1.133522727
1.968231818
0.412436364
0.109783333
0
0
0
0
0.138031818
0.091412121
0.024218182
0
0
0.310375758
0.609071212
3.967874242
3.436109091
2.474907576
0.801856667
0.255348485
0
0
0
0.148977273
0.440356061
0.262412121
0.177662121
0.090565152
0
0
0
0.230366667
0.069912121
0.019978788
0
0
0
0.381348485
0.19129697
3.459336364
2.670342424
2.340260606
4.879922727
2.628413636
2.543686364
2.118568182
1.95375
2.538356061
3.278543939
2.712684848
0.335571212
0.152284848
0
0
0
0
0
0
0
0
0
0
0
0
0
0
0
0
0
0
0
0
0
0
0
0
0
0
0
0
0
0
0
0
0
0
0
0
0
0
0
0
0
0
0
0
0
0
0
0
0
0
0
0
0
0
2.873643939
0.578692424
0.150377273
2.065884848
1.748831818
2.97150303
3.082574242
2.617634848
2.274375758
1.33794697
0.310242424
0.069565152
0
0.758348485
0.460116667
1.631275758
0.284490909
0.073418182
0
0
0
0
0
2.521645455
0.492128788
0.214819697
0
1.490889394
1.627059091
3.094
3.355465152
2.781609091
1.863357576
0.696006061
0.221628788
0
0
0.506356061
0.800040909
0.252137879
0.041639394
0
0
0
0
0
2.345122727
0.327959091
0.115812121
0
0
1.190383333
1.442069697
3.481786364
3.848272727
3.432989394
2.839848485
2.138406061
2.029530303
1.487540909
1.233466667
1.3438
1.866930303
2.523987879
0.358813636
0.171954545
0
0
0
0
0
0
0
0
0
1.039118182
2.130642424
6.335889394
6.228257576
5.538987879
3.694368182
2.594233333
1.637230303
1.385654545
1.667104545
2.530995455
3.797604545
3.792510606
0.420931818
0.190463636
0
0
0
0
0
0
0
0
0
0.830456061
1.731306061
4.314993939
4.74749697
4.183869697
1.757574242
0.852728788
2.036924242
2.895121212
3.290978788
3.526918182
3.484048485
2.777912121
0.396415152
0.100059091
0
0
0
0.000736364
0.316948485
0.059871212
0.014433333
0
0
0
0.050422727
0.137757576
0.048228788
0.005054545
0
0
0
0
0
0
0
0
0
0
0
0
0
0
0
0
0
0
0
0
0
0
0
0
0
0
0
0
0
0
0
0
0
0
0
0
0
0
0
0
0
0
0
0.336130303
1.424931818
4.481363636
4.28924697
4.255821212
3.740333333
3.314957576
3.077707576
2.792621212
2.408030303
2.323381818
3.519448485
3.308877273
0.456421212
0.11995303
0
0
0
0.193719697
0.137739394
0.027209091
0.001036364
0
0
0.458724242
1.680854545
4.964457576
4.93354697
4.674178788
3.671078788
2.76735
1.816527273
1.903654545
2.015613636
2.073745455
2.234386364
2.041672727
0.357533333
0.087584848
0
0
0
0
0.010416667
0.324134848
0.042710606
0.007019697
0
0.388763636
0.181465152
3.278034848
2.413427273
2.105307576
2.037086364
2.071639394
1.589963636
1.686127273
1.629984848
1.380748485
1.293719697
1.029419697
0.267142424
0.056627273
0
0
0
0
0
0
0
0
0
0.530690909
0.182613636
1.318080303
0.726771212
1.046671212
0.786266667
0.291145455
0.020254545
0.354433333
1.530377273
0.822221212
0.498566667
0.201507576
0
0
0
0
0
0
0
0
0
0
0
0.451222727
0.160165152
1.911856061
1.274580303
1.330457576
1.563828788
1.168822727
1.057922727
1.023993939
1.08230303
1.083977273
1.225143939
1.335010606
0.380415152
0.10139697
0
0
0
0
0
0
0
0
0
0
0.1364
0.224709091
0.016822727
0.0012
0
0
0
0
0
0
0
0
0
0
0
0
0
0
0
0
0.620409091
2.862625758
0.253086364
0.041927273
0
0
0
0
0
0
0
0
0
0
0.027413636
0.198884848
0.007912121
9.09091E-06
0
0
0
0
0
0
1.085106061
0.082575758
0.015707576
0.280848485
0.198256061
3.260524242
2.447675758
2.507877273
2.178080303
2.074610606
1.871504545
1.664734848
1.646798485
1.671521212
1.748
1.566336364
0.346583333
0.088
0
0
0
0
0
0.263459091
0.060527273
0.013390909
0
0.300254545
0.172610606
2.858265152
1.740357576
1.662222727
1.061171212
0.395889394
0.0997
0
0
0
0
0
0
0
0
0
0
0
0
0
0
0
0
0.441109091
0.198687879
2.856571212
2.123133333
1.978077273
1.875901515
1.585287879
1.503510606
1.466133333
1.271643939
1.536712121
1.897607576
2.086580303
0.440316667
0.115656061
0
0
0
0.214722727
0.135889394
0.03219697
0.002631818
0
0
0.384581818
0.219828788
3.594072727
2.594013636
2.44039697
1.924733333
0.596207576
0.223756061
0
0
0
0.452886364
1.192016667
0.333363636
0.086822727
0
0
0
0.49115
0.073360606
0.016595455
0
0
0
0.441754545
0.178077273
3.817387879
2.943275758
3.269024242
3.232601515
3.308184848
3.360036364
3.340306061
3.011283333
2.375801515
2.35299697
1.646424242
0.318019697
0.073745455
0
0
0
0
0
0
0
0
0
0
0
0
0
0
0
0
0
0
0
0
0
0
0
0
0
0
0
0
3.86669697
0.982242424
0.203213636
0.010574242
0
0
0
0
0
0
0
0
0
0
0
0.434493939
0.022219697
0.000334848
0
0
0
0.480048485
0.128054545
0.012222727
0.000945455
0
0.037448485
0.176006061
0.03839697
0.167316667
0.970263636
4.276686364
3.635801515
3.558931818
3.309415152
2.806825758
2.029859091
1.348543939
1.542828788
1.730575758
2.332593939
2.332172727
0.425648485
0.112734848
0
0
0
8.18182E-05
0.425422727
0.05160303
0.011042424
0
0
0.364727273
1.511480303
4.515437879
4.102643939
3.968077273
3.399162121
2.48950303
2.051781818
1.67190303
1.761392424
2.053436364
2.097366667
1.897707576
0.336112121
0.081748485
0
0
0
0.007336364
0.347169697
0.040562121
0.008809091
0
0
0.440639394
1.763628788
4.894137879
4.950595455
4.90495
4.534975758
3.614198485
3.029212121
2.517448485
2.523413636
2.719037879
3.208116667
3.106968182
0.450651515
0.11954697
0
0
0
0.233077273
0.159737879
0.030069697
0.008060606
0
0
0.400283333
0.380013636
3.998739394
3.41005303
3.283919697
3.267356061
2.82609697
2.658795455
2.536256061
2.489577273
2.507687879
2.886663636
3.231924242
0.435531818
0.114269697
0
0
0
