0.268
0.0
0.0
0.0
0.0
0.0
0.0
22.2185
16.30515151515152
15.814696969696973
14.399090909090917
11.931818181818182
11.3160606060606
10.018787878787874
9.606060606060606
9.731212121212122
12.147727272727273
11.543636363636365
7.121060606060603
9.0480303030303
9.55
7.722727272727275
5.864545454545455
5.340303030303031
2.729848484848485
0.0
0.0
0.0
0.0
0.0
0.0
21.015000000000004
13.239999999999998
13.055909090909092
12.219393939393937
11.985000000000001
11.983636363636363
11.343636363636362
11.036969696969702
10.629696969696967
12.08287878787879
10.832272727272729
6.998181818181817
9.140757575757569
9.549696969696967
7.964696969696973
6.12530303030303
5.223787878787878
3.3790909090909094
0.0
0.0
0.0
0.0
0.0
0.0
17.94409090909091
8.506969696969694
8.047575757575755
8.631818181818188
8.40257575757576
8.860303030303031
8.312727272727273
8.519393939393941
2.54
5.5163636363636375
5.335151515151514
5.523636363636364
5.503181818181818
6.242121212121213
5.505454545454545
6.254242424242424
5.616515151515152
6.065606060606061
5.86166666666667
5.8043939393939405
5.885454545454545
6.346363636363637
5.960757575757575
6.482727272727266
5.413030303030307
6.531818181818182
5.712575757575762
5.356363636363638
4.789848484848485
4.431818181818181
2.397424242424243
4.8106060606060606
3.432727272727273
4.715454545454548
5.7749999999999995
5.605151515151515
5.0609090909090915
6.024696969696968
5.6493939393939385
6.430303030303029
5.758636363636364
3.4963636363636366
0.0
0.0
0.0
0.0
0.0
18.917424242424246
12.318666666666665
15.794696969696975
18.051515151515154
16.21318181818182
13.73
11.83212121212121
11.398181818181818
11.086969696969696
12.272272727272728
11.865454545454543
13.431969696969702
7.36681818181818
9.527272727272727
10.28181818181818
9.494848484848482
7.1825757575757585
6.885454545454545
3.8869696969696976
0.0
0.0
0.0
0.0
0.0
0.0
25.24466666666667
19.065454545454543
17.212727272727275
16.900454545454544
15.765303030303027
13.874696969696963
13.37121212121213
13.511060606060608
13.284696969696974
13.50196969696969
14.210909090909096
7.7933333333333366
8.198030303030297
8.899999999999999
7.958939393939394
6.346212121212122
6.635454545454547
3.8690909090909105
0.0
0.0
0.0
0.0
0.0
0.0
23.86090909090909
15.62909090909091
14.7459090909091
13.857575757575757
12.14909090909091
10.537878787878789
8.423181818181819
8.55136363636364
8.737424242424241
10.454393939393944
11.209393939393935
5.465757575757574
6.405757575757575
7.139545454545453
7.237424242424245
6.554696969696969
6.47787878787879
3.505000000000002
0.0
0.0
0.0
0.0
0.0
0.0
23.014999999999997
14.520757575757575
12.860151515151518
10.457424242424246
9.680000000000003
9.599090909090911
9.542727272727275
9.281818181818183
9.467272727272729
9.124545454545455
9.183333333333335
4.943636363636368
5.41
5.587272727272728
5.799848484848485
5.8116666666666665
5.6484848484848476
3.1490909090909103
0.0
0.0
0.0
0.0
0.0
0.0
20.93969696969697
13.268939393939393
12.219090909090909
11.494242424242428
11.186515151515154
11.075454545454544
10.273939393939393
11.585454545454546
10.462121212121211
9.885909090909095
10.572727272727274
5.305454545454546
0.0
0.0
0.0
0.0
0.0
0.12363636363636363
0.0
0.0
0.0
0.0
0.0
0.0
20.726770833333333
10.564090909090913
9.811212121212124
9.66636363636364
9.230909090909089
8.686212121212124
8.88181818181818
8.923636363636362
0.10181818181818182
0.0
5.494545454545455
5.236363636363635
5.374545454545455
5.8496969696969705
5.94
6.453636363636363
6.878181818181815
6.845454545454545
6.946515151515151
6.993333333333331
7.396060606060609
7.5509090909090935
7.537272727272725
7.724848484848483
7.7518181818181855
7.686060606060607
7.7018181818181795
7.119999999999999
7.2200000000000015
7.3175757575757565
6.577575757575758
6.682727272727274
6.783787878787877
6.757575757575757
6.9536363636363605
6.842878787878788
6.978939393939395
6.789696969696971
7.056212121212121
6.810757575757575
6.522424242424242
3.7792424242424256
0.0
0.0
0.0
0.0
0.0
19.921499999999998
12.207272727272727
12.629545454545456
12.567510316490445
11.638484848484849
10.820454545454545
11.143787878787881
10.33590909090909
11.115454545454545
10.723636363636365
9.885454545454547
10.325000000000003
5.092727272727271
4.672575757575759
5.279090909090908
5.327272727272727
5.10969696969697
4.972878787878787
2.8536363636363635
0.0
0.0
0.0
0.0
0.0
0.0
23.800555555555558
11.503636363636362
10.489696969696974
9.450000000000001
7.81181818181818
7.469545454545454
8.273636363636363
7.506818181818184
7.710909090909095
8.027272727272724
7.820606060606057
5.53
2.5463636363636364
3.874545454545455
4.170909090909091
4.540909090909091
4.461363636363637
2.4336363636363636
0.0
0.0
0.0
0.0
0.0
0.0
18.167121212121227
11.911818181818184
11.096363636363636
10.014545454545454
10.647727272727272
9.110303030303031
9.955
9.654393939393936
9.764545454545456
9.703636363636365
9.975757575757575
5.011818181818183
6.1106060606060595
6.034393939393939
5.922424242424241
5.803636363636363
5.506363636363636
2.9645454545454544
0.0
0.0
0.0
0.0
0.0
0.0
17.33666666666667
8.800909090909093
8.66181818181818
7.974545454545453
7.695151515151512
7.798181818181817
7.667727272727273
7.764545454545455
6.764545454545455
6.436363636363635
7.976363636363636
3.808181818181818
2.638181818181819
4.52909090909091
4.506060606060606
4.624545454545455
4.481818181818183
2.6654545454545455
0.0
0.0
0.0
0.0
0.0
0.0
17.35363636363636
9.607878787878787
8.926363636363636
8.465454545454545
8.912727272727274
8.980909090909089
8.246363636363638
8.300909090909089
7.752727272727273
7.978181818181818
7.497272727272724
4.554545454545455
3.713636363636364
5.0172727272727276
5.074242424242424
5.283636363636362
5.330909090909091
3.0354545454545456
0.0
0.0
0.0
0.0009090909090909091
0.0
0.0
15.747272727272728
9.124999999999998
8.554545454545455
8.018181818181818
7.399090909090909
6.741818181818184
8.19818181818182
7.072727272727277
1.92439393939394
4.358181818181818
5.3118181818181816
5.8554545454545455
5.257272727272727
5.895454545454545
6.240000000000001
6.169545454545453
5.874545454545455
5.921818181818183
5.947272727272726
6.105454545454544
6.005454545454546
5.493939393939393
5.592727272727272
5.479090909090908
5.575454545454546
5.594545454545455
5.748484848484847
5.365454545454546
5.314545454545454
5.535454545454548
4.669090909090911
5.035606060606063
4.455454545454547
5.290757575757576
5.454545454545454
5.16
5.674545454545454
5.186363636363635
5.856363636363633
5.678181818181818
5.627272727272727
3.0601515151515155
0.0
0.0
0.0
0.0
0.0
16.676060606060606
10.926060606060606
14.647272727272728
14.92090909090909
13.134393939393933
13.607272727272727
12.312727272727274
10.862727272727273
10.97
10.212727272727275
10.766818181818183
10.798333333333337
6.4327272727272735
6.825454545454544
7.664545454545453
7.896818181818182
6.458181818181817
5.9457575757575745
3.4445454545454552
0.0
0.0
0.0
0.0
0.0
0.0
20.723999999999997
15.535909090909092
14.275454545454545
13.1730303030303
12.222878787878791
11.669242424242418
11.550000000000002
12.134545454545453
12.04181818181818
11.49090909090909
10.686363636363636
5.7309090909090905
7.4407575757575755
8.540151515151514
8.604242424242425
7.106515151515153
7.3933333333333335
4.209090909090907
0.0
0.0
0.0
0.0
0.0
0.0
22.914545454545454
17.788636363636364
15.495454545454542
14.15
11.764999999999999
11.547272727272729
12.597272727272726
12.564545454545453
12.075454545454546
11.479848484848484
11.866060606060607
6.570909090909091
7.465454545454545
7.721818181818182
9.221818181818183
7.792727272727274
7.808181818181819
4.287272727272727
0.0
0.0
0.0
0.0
0.0
0.0
25.73818181818182
17.86
18.09
15.228636363636365
13.363636363636363
13.35515151515152
12.673484848484845
11.75090909090909
11.432727272727275
11.59469696969697
11.777272727272726
7.589090909090911
8.085454545454542
8.299090909090912
10.594545454545456
7.8690909090909065
7.881818181818181
4.51090909090909
0.0
0.0
0.0
0.0
0.0
0.0
20.298518518518495
17.57272727272728
15.92382531002832
15.159269162210347
15.136255411255418
15.120614325068862
14.100757575757571
12.77772727272727
14.159999999999998
14.037272727272724
13.778333333333336
7.864393939393943
9.021060606060608
8.293939393939395
10.170454545454541
7.676515151515151
8.089696969696968
4.253636363636361
0.0
0.0
0.0
0.0
0.0
0.0
18.817000000000004
12.336969696969701
11.577878787878793
11.573333333333338
11.261363636363637
11.604090909090907
10.831363636363635
11.260606060606058
4.667424242424243
7.525606060606062
8.037878787878787
8.79363636363636
7.963636363636366
8.051363636363636
7.253181818181818
7.739242424242423
7.052424242424241
8.010151515151515
7.770757575757572
7.81636363636363
7.8090909090909015
8.472727272727267
7.694242424242426
7.497424242424244
7.5707575757575825
7.281818181818189
7.345606060606064
7.3812121212121236
7.159090909090912
7.267424242424247
7.538181818181817
7.561818181818182
8.080151515151512
7.8372727272727225
8.263787878787879
7.935454545454546
8.056666666666672
7.8163636363636355
8.284696969696956
8.323939393939396
8.21939393939394
4.3839393939393965
0.0
0.0
0.0
0.0
0.0
21.151363636363634
12.898500000000002
15.652063205316924
13.931445221445218
12.601818181818182
11.706666666666672
13.194696969696965
11.870757575757569
11.353787878787871
10.832575757575755
10.613939393939393
10.13939393939394
6.020454545454547
7.126666666666668
7.446666666666666
7.808030303030302
7.576969696969698
7.671363636363636
4.309848484848484
0.0
0.0
0.0
0.0
0.0
0.0
22.80766666666667
16.625151515151515
14.997272727272708
13.535909090909081
12.423636363636371
12.600151515151516
10.970909090909084
10.640454545454544
9.57863636363637
11.0080303030303
10.153448275862052
6.428787878787876
7.15621212121212
7.5666666666666655
7.4811530559835635
7.381515151515151
7.505151515151514
4.220909090909088
0.0
0.0
0.0
0.0
0.0
0.0
22.092878787878792
14.835909090909091
13.050757575757581
11.415303030303026
9.668484848484848
9.726060606060607
9.87818181818182
9.755909090909089
9.828333333333333
11.700303030303026
10.065454545454546
5.795000000000002
7.50818181818182
8.048181818181815
7.819750898818697
7.758181818181817
7.868787878787879
4.639090909090908
0.0
0.0
0.0
0.0
0.0
0.0
23.064074074074068
15.541363636363634
13.632727272727273
11.615303030303027
10.123030303030301
10.147424242424236
7.542727272727274
8.869242424242428
7.807272727272726
9.673939393939394
8.823636363636364
5.957878787878787
6.826666666666669
6.86227272727273
6.718939393939391
6.296515151515151
6.515454545454546
4.079090909090909
0.0
0.0
0.0
0.0
0.0
0.0
20.6085
14.901060606060609
13.290757575757583
12.394393939393945
12.470909090909089
11.082177709296348
11.616969696969697
9.937727272727267
10.038030303030295
8.96
9.824090909090907
5.483030303030303
6.719393939393938
6.6880303030303025
6.515303030303031
6.5590909090909095
6.62469696969697
3.739242424242424
0.0
0.0
0.0
0.0
0.0
0.0
18.39909090909091
10.282727272727273
8.927575757575754
8.58590909090909
8.410454545454549
7.764090909090907
7.9092424242424215
7.780909090909094
1.9336363636363636
5.678484848484848
6.4303030303030315
5.853636363636365
5.751666666666666
5.877272727272726
6.206666666666667
5.913939393939396
6.050757575757575
6.073939393939394
6.329545454545454
6.363333333333335
6.347575757575757
6.52712121212121
6.359545454545455
6.2690909090909095
6.197727272727272
6.173939393939396
6.783030303030305
6.673939393939396
6.549242424242423
6.3112121212121215
5.928939393939394
5.968484848484849
6.655151515151516
5.891515151515151
5.952575757575758
6.170000000000001
6.153181818181818
5.810151515151514
6.382424242424241
6.49969696969697
6.572878787878789
4.0624242424242425
0.0
0.0
0.0
0.0
0.0
18.165757575757574
11.628636363636362
13.4
12.066666666666663
12.834696969696973
11.948030303030317
11.817424242424249
11.510909090909088
11.644696969696973
11.430151515151518
10.316212121212116
11.17015151515151
7.385909090909092
7.709545454545455
7.86560606060606
10.044848484848485
7.507424242424238
7.731060606060608
4.212727272727272
0.0
0.0
0.0
0.0
0.0
0.0
21.9645
15.18424242424242
14.027727272727283
12.840757575757573
12.689393939393943
12.389545454545454
10.374545454545455
10.972178683385584
10.739242424242425
10.149090909090908
10.341363636363637
5.219999999999999
7.548939393939393
7.584545454545451
9.140151515151512
6.252727272727274
7.194242424242424
4.061818181818181
0.0
0.0
0.0
0.0
0.0
0.0
21.118833333333342
17.09558333333333
15.69484848484849
13.299242424242426
11.885606060606067
11.29015151515152
10.743636363636364
10.263484848484852
10.015909090909087
10.694242424242425
10.391818181818183
6.088333333333333
6.707878787878789
7.48818181818182
7.685151515151515
7.791818181818183
7.606969696969698
4.356363636363631
0.0
0.0
0.0
0.0
0.0
0.0
21.01181818181818
15.48075757575758
14.994393939393944
13.309242424242427
10.359090909090908
10.543636363636365
11.428939393939391
10.474090909090906
9.825151515151518
10.497878787878788
10.844848484848482
7.8525757575757575
8.888939393939388
7.79060606060606
10.479090909090901
7.7757575757575745
8.177272727272726
4.444545454545454
0.0
0.0
0.0
0.0
0.0
0.0
22.421363636363626
18.473484848484848
16.234242424242424
13.318787878787878
11.04818181818182
10.565757575757575
9.86939393939394
9.272727272727273
10.417121212121213
10.31818181818182
9.96590909090909
5.7631818181818195
6.671212121212121
7.0036363636363665
6.864393939393941
6.693333333333334
6.821060606060606
4.01909090909091
0.0
0.0
0.0
0.0
0.0
0.0
18.316666666666663
10.187727272727276
9.569999999999999
8.826363636363634
7.949393939393942
8.115
7.767878787878789
7.320909090909087
0.16181818181818183
5.667575757575759
5.268636363636362
5.33409090909091
5.816666666666666
5.6095454545454535
6.198181818181819
5.880909090909089
5.880757575757577
6.219545454545455
5.830909090909091
5.740909090909091
5.814393939393939
5.96909090909091
5.845000000000002
6.0389393939393905
5.9822727272727265
5.913636363636366
5.968030303030303
5.999545454545455
5.497272727272727
5.602727272727273
5.552727272727274
3.647424242424242
3.097575757575757
4.654393939393937
5.503181818181819
6.217727272727273
5.614545454545453
5.010151515151515
5.473420647149461
5.296515151515152
5.898787878787878
3.25030303030303
0.0
0.0
0.0
0.0
0.0
16.954848484848483
10.371515151515146
12.9180303030303
11.926666666666671
12.849848484848481
11.991818181818182
12.111363636363636
10.616666666666665
10.278787878787883
10.298636363636364
10.83636363636364
10.410757575757575
4.79
5.967272727272728
6.196969696969699
6.631515151515152
6.6221212121212085
7.197121212121214
3.5746969696969675
0.0
0.0
0.0
0.0
0.0
0.0
19.433636363636364
13.140909090909089
11.0169696969697
10.945000000000002
10.038636363636362
9.780454545454544
10.697575757575759
8.895454545454543
10.583636363636366
9.555000000000001
9.503636363636367
5.367272727272731
6.310000000000001
6.438484848484845
6.137878787878785
6.134848484848487
6.271666666666669
2.9954545454545443
0.0
0.0
0.0
0.0
0.0
0.0
20.814696969696968
14.967272727272723
12.907272727272726
11.56833333333333
10.76527168234065
10.813636363636364
9.093484848484849
7.838030303030303
6.801515151515148
8.166515151515151
8.25333333333333
5.313030303030303
5.3092424242424245
6.668484848484849
6.529090909090911
6.424545454545455
6.2762121212121205
3.5963636363636344
0.0
0.0
0.0
0.0
0.0
0.0
21.884242424242426
15.54363636363636
13.861969696969702
11.871666666666664
10.02
8.845454545454542
8.299090909090905
7.397575757575755
7.178181818181819
8.017272727272728
7.946818181818185
5.203636363636362
5.566212121212123
6.535454545454547
6.424090909090907
6.48606060606061
6.6025757575757575
3.475454545454547
0.0
0.0
0.0
0.0
0.0
0.0
21.419999999999998
14.806666666666672
12.574545454545454
11.579545454545455
10.530000000000001
8.557272727272727
8.07060606060606
7.5175757575757585
7.189696969696968
7.460000000000003
7.7251515151515155
5.1859090909090915
4.5336363636363615
5.827121212121214
6.1054545454545455
5.9489393939393915
6.049848484848486
3.435909090909091
0.0018181818181818182
0.0036363636363636364
0.0018181818181818182
0.0018181818181818182
0.0
0.0
18.635303030303028
10.942878787878792
9.756818181818184
9.057727272727275
8.620303030303026
7.801818181818183
8.10090909090909
6.456060606060603
0.0
0.40454545454545454
6.145606060606064
5.677121212121212
5.698181818181818
5.75090909090909
5.865606060606061
5.901666666666668
6.090909090909091
5.951515151515152
5.883484848484849
6.086666666666668
6.1877272727272725
6.289090909090907
6.259393939393939
6.54818181818182
6.543939393939397
6.5875757575757605
6.198181818181819
5.348181818181817
0.9281818181818181
0.0
0.0
0.0
0.0
0.0
0.0
3.6381818181818186
6.164545454545453
6.294848484848483
5.773787878787878
6.16424242424242
6.19909090909091
3.679090909090909
0.0
0.0
0.0
0.0
0.0
19.379545454545454
12.30787878787879
12.247272727272728
12.464242424242418
10.846969696969701
9.942575757575758
8.851818181818182
8.253636363636366
7.5581818181818194
7.283484848484852
7.421060606060607
8.586515151515153
5.161818181818182
5.8977272727272725
6.621666666666667
6.8012121212121235
6.541212121212123
6.759545454545454
3.797424242424242
0.0
0.0
0.0
0.0
0.0
0.0
20.89772727272727
14.291818181818183
13.10303030303031
12.678787878787881
10.151515151515156
9.740303030303032
11.37136363636364
10.571818181818184
9.970606060606059
9.126818181818182
9.656969696969698
5.493030303030303
6.64030303030303
6.883333333333335
6.450909090909093
6.868181818181818
6.768636363636364
3.691818181818183
0.0
0.0
0.0
0.0
0.0
0.0
22.48439393939394
15.212727272727273
12.386515151515153
11.917272727272724
9.976363636363637
9.398484848484847
9.436363636363636
8.800000000000004
9.375606060606062
8.958333333333336
8.518787878787878
5.552727272727273
5.932272727272727
7.016515151515156
6.6948484848484835
6.518030303030302
6.668636363636367
3.5519696969696968
0.0
0.0
0.0
0.0
0.0
0.0
22.043636363636367
16.987878787878785
15.80030303030302
10.757121212121223
10.08818181818181
8.39133333333333
8.609090909090906
9.941818181818183
9.306363636363637
8.086363636363636
9.008333333333333
5.6554545454545435
6.690757575757576
7.349090909090908
7.27
6.591818181818183
6.738939393939393
3.9200000000000004
0.0
0.0
0.0
0.0
0.0
0.0
22.72
15.096666666666666
12.888181818181819
12.91818181818182
10.537272727272729
10.452575757575755
9.798181818181817
9.231818181818182
9.038787878787879
9.266515151515152
9.023636363636365
4.956212121212121
4.732575757575758
5.494848484848486
5.884393939393939
5.96
6.098181818181818
3.2927272727272734
0.0
0.0
0.0
0.0
0.0
0.0
22.19681818181818
11.196363636363637
9.450000000000001
10.17818181818182
9.402727272727274
9.476363636363637
8.443939393939395
10.202727272727275
0.22545454545454546
6.343636363636363
7.147272727272725
6.37530303030303
7.203333333333334
6.8040909090909105
7.072727272727271
7.034545454545457
7.233636363636364
6.829999999999999
6.183636363636362
6.8603030303030295
6.8536363636363635
7.191818181818181
7.181818181818181
7.284545454545455
7.121969696969697
6.416515151515151
6.753636363636364
6.290909090909093
6.343636363636366
5.633636363636365
3.5936363636363637
1.0329780564263318
0.8145454545454545
7.165909090909094
5.956212121212122
6.5624242424242425
6.739999999999998
6.673636363636359
6.658636363636362
6.435454545454546
6.787121212121212
3.706363636363636
0.0
0.0
0.0
0.0
0.0
21.599848484848486
11.363602978941964
14.280000000000003
12.72227272727273
12.421363636363639
13.67909090909091
11.21
10.530000000000001
9.475757575757576
9.570668756530823
8.675454545454548
8.450909090909091
4.618939393939394
5.8599999999999985
6.027272727272728
6.177424242424244
5.97090909090909
6.161060606060605
3.73
0.0
0.0
0.0
0.0
0.0
0.0
21.997727272727275
15.596060606060611
12.825606060606065
11.659545454545453
11.967575757575753
11.85090909090909
11.4
10.437121212121212
10.591969696969697
10.022575757575758
9.593636363636366
4.142424242424242
6.01409090909091
6.370000000000002
6.130909090909089
6.063939393939393
6.6019696969696975
3.787727272727271
0.0
0.0
0.0
0.0
0.0
0.0
22.96272727272727
15.593787878787872
12.230909090909092
10.20818181818182
8.70893939393939
7.7659090909090915
9.154090909090911
9.966060606060601
9.297272727272729
11.056363636363635
9.892272727272728
5.015454545454545
6.039545454545456
6.58818181818182
6.078333333333336
5.930000000000001
5.696363636363637
2.9681818181818183
0.0
0.0
0.0
0.0
0.0
0.0
21.28015151515152
15.274545454545454
13.541818181818183
11.203030303030305
9.506363636363636
9.295
8.603636363636364
9.234090909090911
8.888181818181819
8.278181818181817
8.572878787878789
4.167272727272728
4.123636363636364
5.711212121212122
5.667878787878787
5.4901515151515135
5.493636363636364
3.2289393939393936
0.0
0.0
0.0
0.0
0.0
0.0
21.532272727272726
14.777272727272731
12.217878787878783
11.479848484848482
11.452575757575755
10.062575757575758
10.357575757575763
9.215454545454547
8.936363636363637
9.622727272727271
8.191818181818181
4.3954545454545455
5.072424242424242
6.561818181818182
6.477424242424241
5.828333333333334
6.386060606060607
3.7668181818181834
0.0
0.0
0.0
0.0
0.0
0.0
20.959545454545456
11.355303030303027
9.826363636363636
9.638333333333332
8.42560606060606
8.136212121212123
8.025454545454545
7.849999999999998
0.14272727272727273
0.0
0.0
7.170909090909089
6.422727272727271
5.857272727272729
6.026666666666665
5.725454545454548
5.8681818181818155
5.806363636363636
5.781818181818181
5.7324242424242415
6.079848484848484
6.340606060606063
5.967272727272726
5.864696969696968
5.84
5.609696969696969
5.549090909090908
4.683636363636364
1.0127272727272727
0.0
0.0
0.0
6.283636363636364
0.0
5.313636363636362
5.469090909090908
5.834090909090909
5.826363636363635
5.392121212121212
5.609545454545454
5.44
2.954545454545456
0.0
0.0
0.0
0.0
0.0
19.90454545454546
11.35909090909091
11.634545454545455
11.242121212121209
11.42712121212121
9.116060606060607
7.428939393939396
7.099242424242423
7.083939393939394
9.225303030303028
7.754545454545456
7.700909090909092
4.276363636363637
5.211515151515152
5.755
5.8486363636363645
5.767272727272727
5.60409090909091
3.2654545454545456
0.0
0.0
0.0
0.0
0.0
0.0
20.880303030303025
13.085606060606066
11.255454545454546
11.123636363636365
9.493636363636366
9.434545454545454
7.715454545454545
7.356060606060608
8.858181818181817
9.21878787878788
9.380303030303036
4.710909090909091
6.167272727272726
6.35469696969697
6.442272727272729
6.447272727272732
6.483636363636364
3.739696969696969
0.0
0.0
0.0
0.0
0.0
0.0
22.207272727272727
15.502727272727272
13.325606060606065
11.547121212121214
9.902727272727274
8.49818181818182
7.878746081504702
7.809848484848487
7.939999999999998
7.5577272727272735
7.709090909090912
4.896363636363636
4.930303030303031
6.399848484848485
6.083333333333334
6.126363636363636
6.369242424242426
3.441818181818182
0.0
0.0
0.0
0.0
0.0
0.0
19.32181818181818
12.670454545454545
10.638181818181819
10.228181818181817
8.384545454545453
9.471818181818183
8.722878787878782
9.867272727272727
9.28
9.446212121212126
9.008939393939393
5.334848484848479
4.758787878787879
6.07439393939394
5.943333333333336
5.86
6.065606060606059
3.209090909090908
0.0
0.0
0.0
0.0
0.0
0.0
19.64909090909091
12.75090909090909
11.641818181818183
11.060909090909092
9.97090909090909
9.526363636363639
8.502727272727272
8.150909090909094
8.267272727272728
8.008333333333333
7.586363636363638
4.5577272727272735
3.9545454545454546
5.594242424242424
5.43636363636364
5.043181818181818
5.625454545454544
3.2636363636363637
0.0
0.0
0.0
0.0
0.0
0.0
18.165454545454548
10.141363636363637
9.06681818181818
9.010454545454543
8.01090909090909
0.0
0.0
0.0
0.0
0.0
0.0
0.0
0.0
0.0
6.587272727272728
4.3090909090909095
5.065454545454545
5.385303030303029
5.566363636363636
5.945454545454544
5.811212121212124
5.716515151515156
6.076818181818184
5.757272727272728
5.931818181818183
5.778181818181818
4.821363636363636
1.3754545454545453
0.0
0.0
0.0
0.0
0.0
0.0
0.0
0.0
0.0
0.0
0.0
0.0
0.0
0.0
0.0
0.0
0.0
0.0
0.0
17.18909090909091
10.267272727272728
9.980909090909089
9.369242424242424
9.290909090909091
8.650909090909089
8.044848484848485
5.1915151515151505
8.037272727272729
8.325000000000001
5.486363636363638
5.800000000000001
4.896363636363637
0.0
4.8974242424242425
4.91530303030303
4.752727272727273
4.774545454545457
2.500909090909091
0.0
0.0
0.0
0.0
0.0
0.0
18.270606060606063
11.122727272727273
9.486969696969693
8.384545454545455
7.817272727272728
7.630909090909091
7.177121212121211
2.366969696969697
4.225454545454546
6.299999999999998
6.657272727272726
3.880909090909091
1.2718181818181817
5.026969696969698
4.60378787878788
5.070757575757576
5.226363636363636
3.131818181818181
0.0
0.0
0.0
0.0
0.0
0.0
19.13969696969696
13.115454545454549
11.685454545454547
11.008181818181818
9.237272727272728
4.6999999999999975
0.13545454545454547
0.0
0.0
0.0
0.0
8.169090909090908
0.012727272727272728
7.235303030303032
6.25090909090909
6.461818181818182
6.838939393939395
3.7618181818181813
0.0
0.0
0.0
0.0
0.0
0.0
21.0119696969697
12.898333333333339
10.446969696969699
10.010151515151515
8.969090909090916
6.662727272727273
0.0
0.0
0.0
0.0
0.0
6.017272727272727
0.2872727272727273
7.517272727272728
5.6090909090909085
5.54818181818182
5.495454545454543
3.100151515151517
0.0
0.0
0.0
0.0
0.0
0.0
20.984545454545454
12.340000000000002
9.628636363636366
10.15409090909091
9.759999999999998
9.827951933124346
10.436363636363637
10.054848484848481
9.210909090909091
9.52757575757576
8.372727272727273
5.619090909090909
3.0899999999999994
4.665606060606062
4.840909090909093
4.598181818181819
5.176969696969696
2.910909090909092
0.0
0.0
0.0
0.0
0.0
0.0
17.80287878787879
9.367121212121212
9.287878787878789
8.567727272727273
7.748636363636364
7.617727272727271
7.124848484848488
8.32818181818182
0.15363636363636363
5.301212121212122
5.217272727272731
4.930909090909091
5.146666666666669
5.168333333333335
5.1881818181818184
5.2315151515151515
5.097575757575758
5.137727272727273
5.016515151515151
5.044545454545454
5.41348484848485
5.577424242424242
5.171818181818182
4.824848484848485
4.983636363636363
5.25
5.118181818181818
4.408181818181818
4.415454545454545
4.565454545454545
4.392575757575757
4.348030303030304
4.413636363636363
4.328181818181817
4.4763636363636365
4.800909090909091
4.794696969696971
4.798333333333333
4.6063636363636355
4.7696969696969695
4.800909090909091
2.8310606060606065
0.0
0.0
0.0
0.0
0.0
17.747575757575756
10.094545454545456
10.932642185400802
9.35727272727273
9.043484848484848
8.539090909090909
7.431818181818181
7.044545454545453
0.0
0.0
1.9827272727272727
9.384848484848487
4.168636363636363
0.0036363636363636364
5.690909090909088
4.598484848484848
4.460757575757576
4.416060606060608
2.3463636363636367
0.0
0.0
0.0
0.0
0.0
0.0
18.147272727272732
10.802727272727271
9.291818181818183
8.80545454545455
7.491666666666665
0.0
0.0
0.0
0.0
0.0
0.0
0.0
0.0
0.0
0.0
0.0
6.3253030303030275
1.5190909090909093
0.0
0.0
0.0
0.0
0.0
0.0
17.108030303030304
9.887727272727274
8.57257575757576
7.098181818181817
3.6563636363636363
0.0
0.0
0.0
0.0
0.0
0.0
4.382727272727272
0.0
0.0
0.7081818181818181
4.362727272727273
3.5184848484848485
1.979090909090909
0.0
0.0
0.0
0.0
0.0
0.0
12.519090909090908
7.73818181818182
7.8125757575757575
7.216363636363638
8.699999999999998
7.932727272727274
7.56181818181818
7.888333333333329
7.150000000000002
6.487272727272727
6.466363636363635
3.5727272727272723
2.9606060606060605
3.4772727272727266
3.619292929292929
3.177272727272727
3.4400000000000004
1.6763636363636365
0.0
0.0
0.0
0.0
0.0
0.0
11.73181818181818
7.6536363636363625
7.109090909090909
7.160909090909093
6.815454545454544
6.357878787878789
7.650909090909092
7.523636363636367
7.577272727272725
7.260454545454545
7.465000000000001
4.092727272727272
2.706363636363637
3.818030303030302
4.149485420240137
4.3115151515151515
4.113787878787878
2.1836363636363636
0.0
0.0
0.0
0.0
0.0
0.0
13.402727272727274
8.578484848484848
8.231818181818182
7.729090909090908
7.616666666666669
7.680151515151516
7.571818181818182
7.429999999999999
1.379090909090908
3.91969696969697
0.3481818181818182
4.088181818181819
4.233636363636365
4.689090909090907
4.049090909090909
4.695454545454544
4.539090909090908
4.425454545454546
4.405151515151515
4.334242424242425
4.458181818181818
4.440909090909091
4.542727272727274
4.600909090909091
4.761818181818183
4.625454545454546
4.597272727272728
4.246363636363636
3.862727272727273
3.849545454545455
3.840909090909091
2.439999999999999
0.0
0.0
0.0
1.5283333333333327
5.0672727272727265
4.727272727272726
4.60869639794168
4.662727272727273
4.559090909090909
2.4881818181818183
0.0
0.0
0.0
0.0
0.0
14.304545454545451
9.004696969696969
8.643636363636363
8.251818181818182
7.782424242424242
5.921818181818181
0.0
0.0
4.078181818181818
7.180757575757576
6.53318181818182
7.0127272727272745
3.4965151515151516
0.0
3.4181818181818175
4.176258741258741
4.1045454545454545
4.047272727272728
2.1851515151515155
0.0
0.0
0.0
0.0
0.0
0.0
13.579090909090912
8.50545454545455
8.249090909090908
7.4218181818181845
6.4745454545454555
1.958181818181818
8.191818181818183
7.712727272727273
7.147878787878784
6.0554545454545465
6.356363636363638
3.1654545454545455
0.7209090909090908
3.0218181818181815
3.2096340766152083
3.005454545454546
3.1177272727272727
1.901818181818182
0.0
0.0
0.0
0.0
0.0
0.0
12.276363636363639
7.337272727272725
7.1175757575757554
6.950757575757575
6.917272727272728
6.695454545454544
7.109848484848485
7.532727272727274
7.580909090909091
7.15818181818182
7.441818181818183
3.7690909090909086
3.934090909090911
4.272727272727274
4.360419580419581
4.082727272727272
4.172575757575758
2.3363636363636364
0.0
0.0
0.0
0.0
0.0
0.0
13.773636363636363
7.8572727272727265
7.778181818181818
8.757424242424245
7.672121212121211
7.012121212121212
7.333636363636364
6.570909090909092
8.327272727272728
7.886363636363632
7.419090909090908
4.298181818181818
4.7290909090909095
4.994545454545455
4.868391608391607
4.677272727272728
4.691818181818181
2.442727272727273
0.0
0.0
0.0
0.0
0.0
0.0
15.215244755244754
8.715454545454545
8.055139146567717
7.718181818181822
7.343636363636365
7.624545454545452
8.044545454545455
8.555454545454545
7.723636363636362
7.790454545454546
7.092727272727274
3.958181818181819
2.6504545454545454
3.73
4.178181818181819
3.69909090909091
4.246363636363636
2.2372727272727273
0.0
0.0
0.0
0.0
0.0
0.0
14.417272727272728
8.475454545454546
7.349090909090905
6.92636363636364
6.881515151515154
7.028787878787881
7.582727272727271
6.999090909090911
0.45363636363636367
3.336363636363636
3.1990909090909088
1.470909090909091
3.340909090909091
3.7362121212121213
3.5099999999999993
3.463636363636363
3.391818181818182
3.571818181818182
3.463333333333333
3.3300000000000005
3.4116666666666666
3.5300000000000007
3.666363636363636
3.572727272727273
3.530909090909091
3.6290909090909085
3.8436363636363637
4.161818181818181
3.9009090909090913
4.071818181818181
3.9618181818181815
3.747272727272727
3.3790909090909094
3.132727272727273
3.8345454545454545
3.6066666666666665
3.7209090909090907
3.9054545454545457
4.052878787878789
4.039090909090909
4.150909090909091
2.3963636363636365
0.0
0.0
0.0
0.0
0.0
14.009848484848488
8.74909090909091
8.151818181818182
8.454545454545453
8.640000000000002
8.210909090909091
8.422727272727272
8.125454545454545
7.979999999999999
7.787272727272731
7.3536363636363635
7.181818181818182
3.699999999999999
0.0
4.927727272727271
4.345454545454545
4.2672727272727276
4.159090909090909
2.6381818181818186
0.0
0.0
0.0
0.0
0.0
0.0
13.568181818181818
9.147272727272727
9.008181818181818
8.342424242424242
8.126363636363635
7.753636363636363
7.728181818181818
8.444545454545453
7.09272727272727
6.166363636363635
6.094545454545454
3.9627272727272715
1.7200000000000002
4.049090909090909
4.545454545454546
4.492727272727273
4.41
2.6275757575757566
0.0
0.0
0.0
0.0
0.0
0.0
14.74727272727273
10.895454545454546
9.690909090909093
9.207272727272727
8.894848484848483
8.950909090909091
8.886363636363637
8.65
8.306818181818182
8.616363636363637
7.96090909090909
4.5254545454545445
3.2799999999999994
4.579090909090909
4.674090909090909
4.842272727272728
4.994545454545454
2.8846969696969698
0.0
0.0
0.0
0.0
0.0
0.0
16.865454545454543
10.101666666666665
9.700606060606056
9.408181818181818
8.945454545454545
9.015454545454544
8.552727272727275
8.39090909090909
8.693636363636363
7.619999999999999
7.502727272727273
4.787272727272728
1.9381818181818173
4.705454545454546
5.28651515151515
5.341818181818183
5.257272727272728
3.302727272727272
0.0
0.0
0.0
0.0
0.0
0.0
17.146363636363635
9.960909090909091
9.635454545454547
9.074545454545456
8.635454545454547
8.243636363636362
7.228181818181818
0.0
5.915454545454545
7.570909090909095
7.8599999999999985
4.797272727272728
0.0
1.218181818181818
4.118181818181819
4.193636363636364
3.793181818181819
2.226363636363636
0.0
0.0
0.0
0.0
0.0
0.0
15.92984848484848
9.857272727272726
9.41560606060606
9.272878787878794
9.159090909090908
8.724545454545455
8.813333333333333
5.969090909090909
0.0
0.0
0.0
0.0
0.0
5.713636363636364
4.966363636363635
5.35909090909091
5.044545454545456
5.515454545454545
5.921818181818183
5.955454545454546
6.4372727272727275
6.435454545454546
6.101818181818181
5.792727272727272
6.401060606060605
5.766363636363635
5.763181818181819
5.254545454545454
3.838181818181818
0.19454545454545455
0.0
0.0
0.0
0.0
0.0
0.0
0.0
0.0
2.528181818181818
5.575454545454545
5.079090909090908
2.8331818181818185
0.0
0.0
0.0
0.0
0.0
16.27742424242425
9.86
9.553636363636365
9.551818181818183
9.25
8.96
9.12
8.87787878787879
8.758181818181818
8.606363636363634
8.14
8.47818181818182
4.568181818181817
0.0
0.0
6.266060606060608
5.052575757575759
5.184545454545454
3.0745454545454525
0.0
0.0
0.0
0.0
0.0
0.0
17.392727272727278
10.647272727272727
9.782878787878788
9.17181818181818
8.813636363636364
8.132727272727273
2.1845454545454546
0.0
0.0
7.4372727272727275
0.8263636363636363
5.765757575757572
0.0
0.0
0.0
4.788181818181819
4.293636363636363
2.6818181818181803
0.0
0.0
0.0
0.0
0.0
0.0
16.62893939393939
9.880303030303027
9.602727272727272
9.149999999999997
9.129090909090907
9.199242424242426
8.428484848484848
8.491818181818184
7.629090909090906
7.4090909090909145
2.9209090909090913
0.0
0.0
0.0
0.0
4.959090909090908
4.483939393939394
2.390454545454545
0.0
0.0
0.0
0.0
0.0
0.0
16.256363636363634
9.879848484848486
9.377272727272727
8.624242424242427
7.457272727272727
0.0
0.0
0.0
0.0
0.0
0.0
0.0
0.0
0.0
0.0
0.0
0.0
0.0
0.0
0.0
0.0
0.0
0.0
0.0
14.068030303030303
7.955454545454547
7.126363636363638
5.723484848484848
2.3454545454545452
0.0
0.0
0.0
0.0
0.0
0.0
0.0
0.0
0.0
0.0
0.0
0.0
0.0
0.0
0.0
0.0
0.0
0.0
0.0
7.751515151515153
4.558181818181819
3.9499999999999997
3.9436363636363634
3.6427272727272726
3.700303030303031
3.248333333333333
3.8754545454545455
0.10636363636363635
0.0
0.0
0.0
0.0
0.0
0.0
0.0
0.0
0.9254545454545454
3.5827272727272725
2.6081818181818175
2.500909090909091
2.630909090909091
2.7072727272727275
2.5863636363636364
2.498181818181818
2.4690909090909097
1.8451515151515152
2.2781818181818183
0.3663636363636363
0.0
0.0
0.0
0.0
0.0
0.0
0.0
0.0
0.0
0.0
0.0
0.0
0.0
0.0
0.0
0.0
0.0
0.0
9.335454545454546
5.293636363636362
6.621818181818186
6.499242424242422
5.219090909090909
5.8522727272727275
4.731818181818183
1.2436363636363637
0.0
0.0
0.0
0.0
0.0
0.0
0.0
0.0
0.0
0.0
0.0
0.0
0.0
0.0
0.0
0.0
0.0
11.105757575757577
6.673333333333333
5.655454545454544
5.32090909090909
2.755606060606061
0.0
0.0
0.0
0.0
0.0
0.0
0.0
0.0
0.0
0.0
0.0
0.0
0.0
0.0
0.0
0.0
0.0
0.0
0.0
9.039848484848484
5.177121212121213
4.002424242424243
1.8109090909090908
0.0
0.0
0.0
0.0
0.0
0.0
0.0
0.0
0.0
0.0
0.0
0.0
0.0
0.0
0.0
0.0
0.0
0.0
0.0
0.0
8.731363636363636
5.395303030303031
4.623636363636365
4.259090909090909
3.632727272727273
0.8331818181818181
0.0
0.0
0.0
0.0
0.0
0.0
0.0
0.0
0.0
0.0
0.0
0.0
0.0
0.0
0.0
0.0
0.0
0.0
6.955454545454544
4.175454545454546
3.8672727272727268
3.6790909090909096
3.191818181818182
2.6627272727272726
0.0
0.0
0.0
0.0
3.257272727272728
0.0
0.0
0.0
0.0
0.0
0.0
0.0
0.0
0.0
0.0
0.0
0.0
0.0
7.828787878787881
4.205606060606062
4.038181818181818
3.433636363636364
3.2418181818181817
1.0036363636363637
0.0
0.0
0.0
0.0
0.0
0.0
0.0
0.0
0.0
0.0
0.0
0.0
0.0
0.0
0.0
3.1981818181818173
1.8018181818181818
1.989090909090909
2.226212121212121
1.9954545454545454
1.6431818181818185
0.0
0.0
0.0
0.0
0.0
0.0
0.0
0.0
0.0
0.0
0.0
0.0
0.0
0.0
0.0
0.0
0.0
0.0
0.0
0.0
7.422727272727272
4.307272727272727
3.9157575757575755
3.8437878787878788
3.2172727272727273
2.390808936825885
0.0
0.0
0.0
0.0
0.0
0.0
0.0
0.0
0.0
0.0
0.0
0.0
0.0
0.0
0.0
0.0
0.0
0.0
0.0
7.402727272727273
4.285454545454545
4.076666666666665
3.2145454545454553
2.972727272727273
0.0
0.0
0.0
0.0
0.0
0.0
0.0
0.0
0.0
0.0
0.0
0.0
0.0
0.0
0.0
0.0
0.0
0.0
0.0
7.491666666666664
4.5227272727272725
4.293636363636364
3.994848484848485
3.7345454545454544
4.266363636363637
2.341818181818182
0.0
0.0
0.0
0.0
0.0
0.0
0.0
0.0
0.0
0.0
0.0
0.0
0.0
0.0
0.0
0.0
0.0
7.919090909090909
4.334090909090909
4.238636363636363
3.6874242424242425
3.075454545454546
0.0
0.0
0.0
0.0
0.0
0.0
0.0
0.0
0.0
0.0
0.0
0.0
0.0
0.0
0.0
0.0
0.0
0.0
0.0
7.339090909090907
3.82090909090909
3.3200000000000003
3.3636363636363638
1.10030303030303
0.0
0.0
0.0
0.0
0.0
0.0
0.0
0.0
0.0
0.0
0.0
0.0
0.0
0.0
0.0
0.0
0.0
0.0
0.0
5.8137878787878785
3.5
3.4569696969696966
2.869393939393939
2.6036363636363635
2.7463636363636357
2.7780303030303024
3.1572727272727277
0.07818181818181819
0.0
0.0
0.0
0.0
0.0
0.0
0.0
0.0
0.0
0.0
0.0
0.0
0.0
0.0
0.0
0.0
0.0
0.0
0.0
0.0
0.0
0.0
0.0
0.0
0.0
0.0
0.0
0.0
0.0
0.0
0.0
0.0
0.0
0.0
0.0
0.0
0.0
0.0
7.507272727272726
4.161818181818181
3.988181818181818
3.939090909090909
3.8796969696969694
3.4816666666666674
3.805606060606061
3.4151515151515155
3.3036363636363633
3.3063636363636366
3.5001515151515146
3.2809090909090908
1.6843939393939393
0.0
0.0
1.3054545454545463
1.7659090909090909
1.6540909090909077
0.9290909090909093
0.0
0.0
0.0
0.0
0.0
0.0
7.983181818181818
4.407272727272727
4.437272727272727
4.036363636363637
3.799090909090909
3.5077272727272732
2.800909090909091
3.534026315789473
3.0286363636363642
1.1354545454545455
0.5690909090909092
1.5318181818181815
0.0
0.0
0.5180303030303027
2.2207575757575766
2.0001515151515155
1.3881818181818184
0.0
0.0
0.0
0.0
0.0
0.0
8.503181818181817
4.252200956937798
3.9180303030303034
3.9627272727272724
3.066363636363636
3.253181818181818
3.0177272727272726
3.3236990595611284
3.1934848484848484
2.8513636363636357
3.0854545454545454
1.435
0.0
0.0
0.0
0.0
0.0
0.0
0.0
0.0
0.0
0.0
0.0
0.0
7.666363636363635
4.433918495297807
4.317212602212602
3.54530303030303
3.63
3.5681818181818183
3.3181818181818183
3.5913636363636368
3.687727272727273
3.5599999999999996
3.816818181818182
1.9089393939393944
0.0
0.0
2.5936363636363633
2.1157575757575757
1.9863636363636366
1.3381818181818181
0.0
0.0
0.0
0.0
0.0
0.0
8.169393939393938
4.390000000000001
3.89
3.941969696969696
3.103636363636363
2.8999999999999995
2.8999999999999995
2.8999999999999995
2.8999999999999995
2.8999999999999995
2.8999999999999995
2.8999999999999995
2.8999999999999995
2.8999999999999995
2.8999999999999995
2.8999999999999995
2.8999999999999995
2.8999999999999995
2.8999999999999995
2.8999999999999995
2.8999999999999995
2.8999999999999995
2.8999999999999995
2.8999999999999995
2.8999999999999995
2.8999999999999995
2.8999999999999995
2.8999999999999995
2.8999999999999995
2.8999999999999995
2.8999999999999995
2.8999999999999995
2.8999999999999995
2.8999999999999995
2.8999999999999995
2.8999999999999995
2.8999999999999995
2.8999999999999995
2.8999999999999995
2.8999999999999995
2.8999999999999995
2.8999999999999995
2.8999999999999995
2.8999999999999995
2.8999999999999995
2.8999999999999995
2.8999999999999995
2.8999999999999995
2.8999999999999995
2.8999999999999995
2.8999999999999995
2.8999999999999995
2.8999999999999995
2.8999999999999995
2.8999999999999995
2.8999999999999995
2.8999999999999995
2.8999999999999995
2.8999999999999995
2.8999999999999995
2.8999999999999995
2.8999999999999995
2.8999999999999995
2.8999999999999995
2.8999999999999995
2.8999999999999995
2.8999999999999995
2.8999999999999995
2.8999999999999995
2.8999999999999995
2.8999999999999995
2.8999999999999995
3.1427272727272726
3.360454545454545
3.419090909090909
3.0345454545454547
3.036363636363636
0.0
0.0
0.0
0.0
0.0
0.0
0.0
0.0
0.0
0.0
0.0
0.0
0.0
0.0
0.0
0.0
0.0
0.0
0.0
0.0
1.8518181818181818
3.2627272727272727
0.0
0.0
0.0
0.0
0.0
0.0
0.0
0.0
0.0
0.0
0.0
0.0
0.0
0.0
0.0
0.0
0.0
0.0
0.0
0.0
0.0
6.898636363636364
3.863636363636363
3.4986363636363644
3.4140909090909086
2.7139393939393943
1.221212121212121
0.0
0.0
0.15833333333333363
1.1936363636363636
2.29
2.0136363636363637
0.0
0.0
0.0
0.0
0.0
0.0
0.0
0.0
0.0
0.0
0.0
0.0
7.421212121212127
4.044696969696968
3.5731818181818182
3.7219696969696967
2.9909090909090916
2.023636363636363
0.0
0.0
0.0
0.0
0.0
0.0
0.0
0.0
0.0
0.0
0.0
0.0
0.0
0.0
0.0
0.0
0.0
0.0
6.1054545454545455
3.528181818181818
3.2545454545454544
2.408181818181818
0.0
0.0
0.0
0.0
0.0
0.0
0.0
0.0
0.0
0.0
0.0
0.0
0.0
0.0
0.0
0.0
0.0
0.0
0.0
0.0
5.523939393939394
3.085303030303029
2.7389393939393933
2.2827272727272727
0.0
0.0
0.0
0.0
0.0
0.0
0.0
0.0
0.0
0.0
0.0
0.0
0.0
0.0
0.0
0.0
0.0
0.0
0.0
0.0
0.0
0.0
0.0
0.0
0.0
0.0
0.0
0.0
0.0
0.0
0.0
0.0
0.0
0.0
0.0
0.0
0.0
0.0
0.0
0.0
0.0
0.0
0.0
5.917272727272728
3.1381818181818186
2.9910606060606066
2.6572727272727277
0.4690909090909091
0.0
0.0
0.0
0.0
0.0
0.0
0.0
0.0
0.0
0.0
0.0
0.0
0.0
0.0
0.0
0.0
0.0
0.0
0.0
0.0
0.0
0.0
0.0
0.0
0.0
0.0
0.0
0.0
0.0
0.0
0.0
0.0
0.0
0.0
0.0
0.0
0.0
0.0
0.0
0.0
0.0
0.0
0.0
0.0
0.0
0.0
0.0
0.0
0.0
0.0
0.0
0.0
0.0
0.0
0.0
0.0
0.0
0.0
0.0
0.0
0.0
0.0
0.0
0.0
0.0
0.0
0.0
0.0
0.0
0.0
0.0
0.0
0.0
0.0
0.0
0.0
0.0
0.0
0.0
0.0
0.0
0.0
0.0
0.0
0.0
0.0
0.0
0.0
0.0
0.0
0.0
0.0
0.0
0.0
0.0
0.0
0.0
0.0
0.0
0.0
0.0
0.0
0.0
0.0
0.0
0.0
0.0
0.0
0.0
0.0
0.0
0.0
0.0
0.0
0.0
0.0
0.0
0.0
0.0
0.0
0.0
0.0
7.176363636363636
3.5672727272727274
0.11818181818181818
0.0
0.0
0.0
0.0
0.0
0.0
0.0
0.0
0.0
0.0
0.0
0.0
0.0
0.0
0.0
0.0
0.0
0.0
0.0
0.0
0.0
0.0
0.0
0.0
0.0
0.0
0.0
0.0
0.0
0.0
0.0
0.0
0.0
0.0
0.0
0.0
0.0
0.0
6.5637878787878785
3.50030303030303
3.335909090909091
3.3318181818181816
3.0345454545454547
0.0
0.0
0.0
0.0
0.0
0.0
0.0
0.0
0.0
0.0
0.0
0.0
0.0
0.0
0.0
0.0
0.0
0.0
0.0
0.0
7.454242424242426
4.268181818181818
3.850000000000001
3.7506060606060605
3.4472727272727273
3.248181818181818
3.141818181818181
0.29636363636363633
2.4318181818181817
2.790757575757576
2.4072727272727272
0.0
0.0
0.0
0.0
0.0
0.026363636363636363
1.5945454545454554
0.0
0.0
0.0
0.0
0.0
0.0
7.9350649350649345
4.192881355932203
4.057662337662337
3.7418181818181817
3.4825757575757574
3.4027272727272733
2.211818181818182
2.667272727272727
3.0345454545454533
3.265454545454546
0.5636363636363636
0.0
0.0
0.0
0.0
0.0
1.7980303030303026
0.9154545454545452
0.0
0.0
0.0
0.0
0.0
0.0
7.679999999999999
4.3172727272727265
4.1015151515151524
3.4518181818181817
3.395
0.0
0.0
0.0
0.0
0.0
0.0
0.0
0.0
0.0
0.0
0.0
0.0
0.0
0.0
0.0
0.0
0.0
0.0
0.0
6.891926406926403
3.6863636363636356
3.2481818181818185
1.9307575757575755
0.0
0.0
0.0
0.0
0.0
0.0
0.0
0.0
0.0
0.0
0.0
0.0
0.0
0.0
0.0
0.0
0.0
0.0
0.0
0.0
5.946363636363636
3.092424242424243
2.683636363636363
0.7339393939393937
0.0
0.0
0.0
0.0
0.0
0.0
0.0
0.0
0.0
0.0
0.0
0.0
0.0
0.0
0.0
0.0
0.0
0.0
0.0
0.0
0.0
0.0
0.0
0.0
0.0
0.0
0.0
0.0
0.0
0.0
0.0
0.0
0.0
0.0
0.0
0.0
0.0
0.0
0.0
0.0
0.0
0.0
0.0
5.738181818181818
3.127121212121212
2.9736363636363636
3.4575757575757566
3.1904545454545454
2.9342424242424245
2.8412121212121204
0.1827272727272727
1.589090909090909
0.31636363636363635
0.0
0.0
0.0
0.0
0.0
0.0
0.0
0.0
0.0
0.0
0.0
0.0
0.0
0.0
0.0
6.060606060606061
3.8046969696969697
3.1846969696969696
2.76151515151515
1.6859090909090908
1.6590909090909092
1.1245454545454545
0.7627272727272726
2.6654545454545455
0.0
0.0
0.0
0.0
0.0
0.0
0.0
0.0
0.0
0.0
0.0
0.0
0.0
0.0
0.0
5.899090909090908
3.73
3.0109090909090908
2.678181818181818
0.27303030303030273
0.0
0.0
0.0
0.0
0.0
0.0
0.0
0.0
0.0
0.0
0.0
0.0
0.0
0.0
0.0
0.0
0.0
0.0
0.0
5.5089393939393965
3.1151515151515143
2.749242424242423
2.456818181818182
0.7836363636363637
0.0
0.0
0.0
0.0
0.0
0.0
0.0
0.0
0.0
0.0
0.0
0.0
0.0
0.0
0.0
0.0
0.0
0.0
0.0
6.218939393939393
3.5703030303030308
3.097878787878788
2.9027272727272724
2.5327272727272727
2.572878787878788
0.24818181818181817
0.0
0.0
0.0
0.0
0.0
0.0
0.0
0.0
0.0
0.0
0.0
0.0
0.0
0.0
0.0
0.0
0.0
6.885606060606064
3.82878787878788
3.4486363636363637
2.979545454545455
2.8836363636363638
2.86469696969697
0.2981818181818182
1.8263636363636373
0.06818181818181818
0.0
0.0
0.0
0.0
0.0
0.0
0.0
0.0
0.0
0.0
0.0
0.0
2.9780303030303035
1.7145454545454548
1.4795454545454547
0.7490909090909091
0.0
0.0
0.0
0.0
0.0
0.0
0.0
0.0
0.0
0.0
0.0
0.0
0.0
0.0
0.0
0.0
0.0
0.0
0.0
0.0
0.0
0.0
6.118787878787879
3.294545454545455
3.2972727272727274
3.103636363636365
2.697121212121211
1.2545454545454544
0.0
0.0
0.0
0.0
0.0
0.0
0.0
0.0
0.0
0.0
0.0
0.0
0.0
0.0
0.0
0.0
0.0
0.0
0.0
5.58151515151515
3.5592424242424245
2.983636363636364
0.9227272727272726
0.0
0.0
0.0
0.0
0.0
0.0
0.0
0.0
0.0
0.0
0.0
0.0
0.0
0.0
0.0
0.0
0.0
0.0
0.0
0.0
5.271065830721003
3.0892424242424252
2.8740909090909073
2.6857575757575765
1.9656060606060608
0.0
0.0
0.0
0.0
0.0
0.0
0.0
0.0
0.0
0.0
0.0
0.0
0.0
0.0
0.0
0.0
0.0
0.0
0.0
5.990454545454545
3.4039393939393943
2.7942424242424235
0.2381818181818182
0.0
0.0
0.0
0.0
0.0
0.0
0.0
0.0
0.0
0.0
0.0
0.0
0.0
0.0
0.0
0.0
0.0
0.0
0.0
0.0
0.0
0.0
0.0
0.0
0.0
0.0
0.0
0.0
0.0
0.0
0.0
0.0
0.0
0.0
0.0
0.0
0.0
0.0
0.0
0.0
0.0
0.0
0.0
0.0
0.0
0.0
0.0
0.0
0.0
0.0
0.0
0.0
0.0
0.0
0.0
0.0
0.0
0.0
0.0
0.0
0.0
0.0
0.0
0.0
0.0
0.0
0.0
0.0
0.0
0.0
0.0
0.0
0.0
0.0
0.0
0.0
0.0
0.0
0.0
0.0
0.0
0.0
0.0
0.0
0.0
0.0
0.0
0.0
0.0
0.0
0.0
0.0
0.0
0.0
0.0
0.0
0.0
0.0
0.0
0.0
0.0
0.0
0.0
0.0
0.0
0.0
0.0
0.0
0.0
0.0
0.0
0.0
0.0
0.0
0.0
0.0
0.0
0.0
0.0
0.0
0.0
0.0
0.0
0.0
0.0
0.0
0.0
0.0
0.0
0.0
0.0
0.0
0.0
0.0
0.0
0.0
0.0
0.0
0.0
0.0
0.0
0.0
0.0
0.0
0.0
0.0
0.0
0.0
0.0
0.0
0.0
0.0
0.0
0.0
0.0
0.0
0.0
0.0
0.0
0.0
0.0
0.0
0.0
0.0
0.0
0.0
0.0
0.0
0.0
0.0
0.0
0.0
0.0
0.0
0.0
0.0
0.0
0.0
0.0
0.0
0.0
0.0
0.0
0.0
0.0
0.0
0.0
0.0
0.0
0.0
0.0
0.0
0.0
0.0
0.0
0.0
0.0
0.0
0.0
0.0
0.0
0.0
0.0
0.0
0.0
0.0
0.0
0.0
0.0
0.0
0.0
0.0
0.0
0.0
0.0
0.0
0.0
0.0
0.0
0.0
0.0
0.0
0.0
0.0
0.0
0.0
0.0
0.0
0.0
0.0
0.0
0.0
0.0
0.0
0.0
0.0
0.0
0.0
0.0
0.0
0.0
0.0
0.0
0.0
0.0
0.0
0.0
0.0
0.0
0.0
0.0
0.0
0.0
0.0
0.0
0.0
0.0
0.0
0.0
0.0
0.0
0.0
0.0
0.0
0.0
0.0
0.0
0.0
0.0
0.0
0.0
0.0
0.0
0.0
0.0
0.0
0.0
0.0
0.0
0.0
0.0
0.0
0.0
0.0
0.0
0.0
0.0
0.0
0.0
0.0
0.0
0.0
0.0
0.0
0.0
0.0
0.0
0.0
0.0
0.0
0.0
0.0
0.0
0.0
0.0
0.0
0.0
0.0
0.0
0.0
0.0
0.0
0.0
0.0
0.0
0.0
0.0
0.0
0.0
0.0
0.0
0.0
0.0
0.0
0.0
0.0
0.0
0.0
0.0
0.0
0.0
0.0
0.0
0.0
0.0
0.0
0.0
0.0
0.0
0.0
0.0
0.0
0.0
0.0
0.0
0.0
0.0
0.0
0.0
0.0
0.0
0.0
0.0
0.0
0.0
0.0
0.0
0.0
0.0
0.0
0.0
0.0
0.0
0.0
0.0
0.0
0.0
0.0
0.0
0.0
0.0
0.0
0.0
0.0
0.0
0.0
0.0
0.0
0.0
0.0
0.0
0.11969696969697
5.777575757575754
2.8942424242424254
0.27454545454545454
0.0
0.0
0.0
0.0
0.0
0.0
0.0
0.0
0.0
0.0
0.0
0.0
0.0
0.0
0.0
0.0
0.0
0.0
0.0
0.0
0.0
0.0
0.0
0.0
0.0
0.0
0.0
0.0
0.0
0.0
0.0
0.0
0.0
0.0
0.0
0.0
0.0
0.0
0.0
0.0
0.0
0.0
5.725909090909091
3.3
3.2563636363636372
3.1172727272727268
3.089545454545454
2.947121212121212
2.9715151515151517
3.14530303030303
3.0033333333333343
3.091969696969697
3.1034848484848485
3.0018181818181815
1.7522727272727265
0.0
0.0
0.0
0.0
0.0
2.079848484848485
0.0
0.0
0.0
0.0
0.0
0.0
6.670454545454546
3.6083333333333343
3.4704545454545452
3.0633333333333326
2.9189393939393953
1.5610606060606065
0.0
3.421969696969697
2.817121212121212
2.943636363636364
2.3307575757575756
0.4354545454545455
0.0
0.0
0.0
0.0
0.0
0.0
0.0
0.0
0.0
0.0
0.0
0.0
5.853939393939391
3.527121212121212
3.5118181818181813
3.1427272727272726
2.9790909090909086
2.5825757575757575
0.0
0.0
0.0
0.0
0.0
0.0
0.0
0.0
0.0
0.0
0.0
0.0
0.0
0.0
0.0
0.0
0.0
0.0
5.220151515151515
2.67090909090909
0.0
0.0
0.0
0.0
0.0
0.0
0.0
0.0
0.0
0.0
0.0
0.0
0.0
0.0
0.0
0.0
0.0
0.0
0.0
0.0
0.0
0.0
0.0
0.0
0.0
0.0
0.0
0.0
0.0
0.0
0.0
0.0
0.0
0.0
0.0
0.0
0.0
0.0
0.0
0.0
0.0
0.0
0.0
0.0
0.0
0.0
0.0
0.0
0.0
0.0
0.0
0.0
0.0
0.0
0.0
0.0
0.0
0.0
0.0
0.0
0.0
0.0
0.0
0.0
0.0
0.0
0.0
0.0
0.0
0.0
0.0
0.0
0.0
0.0
0.0
0.0
0.0
0.0
0.0
0.0
0.0
0.0
0.0
0.0
0.0
0.0
0.0
0.0
0.0
0.0
0.0
0.0
0.0
0.0
0.0
0.0
0.0
0.0
0.0
0.0
0.0
0.0
0.0
0.0
0.0
0.0
0.0
0.0
0.0
0.0
0.0
0.0
0.0
0.0
0.0
0.0
0.0
0.0
0.0
0.0
0.0
0.0
0.0
0.0
0.0
0.0
0.0
0.0
0.0
0.0
0.0
0.0
0.0
0.0
0.0
0.0
0.0
0.0
0.0
0.0
0.0
0.0
0.0
0.0
0.0
0.0
0.0
0.0
0.0
0.0
0.0
0.0
0.0
0.0
0.0
0.0
0.0
0.0
0.0
0.0
0.0
0.0
0.0
0.0
0.0
0.0
0.0
0.0
0.0
0.0
0.0
0.0
0.0
0.0
0.0
0.0
0.0
0.0
0.0
0.0
0.0
0.0
0.0
0.0
0.0
0.0
0.0
0.0
0.0
0.0
0.0
0.0
0.0
0.0
0.0
0.0
0.0
0.0
0.0
0.0
0.0
0.0
0.0
0.0
0.0
0.0
0.0
0.0
0.0
0.0
0.0
0.0
0.0
0.0
0.0
0.0
0.0
0.0
0.0
0.0
0.0
0.0
0.0
0.0
0.0
0.0
0.0
0.0
0.0
0.0
0.0
0.0
0.0
0.0
0.0
0.0
0.0
0.0
0.0
0.0
0.0
0.0
0.0
0.0
0.0
0.0
0.0
0.0
0.0
0.0
0.0
0.0
0.0
0.0
0.0
0.0
0.0
0.0
0.0
0.0
0.0
0.0
0.0
0.0
0.0
0.0
0.0
0.0
0.0
0.0
0.0
0.0
0.0
0.0
0.0
0.0
0.0
0.0
0.0
0.0
0.0
0.0
0.0
0.0
0.0
0.0
0.0
0.0
0.0
0.0
0.0
0.0
0.0
0.0
0.0
0.0
0.0
0.0
0.0
0.0
0.0
0.0
0.0
0.0
0.0
0.0
0.0
0.0
0.0
0.0
0.0
0.0
0.0
0.0
0.0
0.0
0.0
0.0
0.0
0.0
0.0
0.0
0.0
0.0
0.0
0.0
0.0
0.0
0.0
0.0
0.0
0.0
0.0
0.0
0.0
0.0
0.0
0.0
0.0
0.0
0.0
0.0
0.0
0.0
0.0
0.0
0.0
0.0
0.0
0.0
0.0
0.0
0.0
0.0
0.0
0.0
0.0
0.0
0.0
0.0
0.0
0.0
0.0
0.0
0.0
0.0
0.0
0.0
0.0
0.0
0.0
0.0
0.0
0.0
0.0
0.0
0.0
0.0
0.0
0.0
0.0
0.0
0.0
0.0
0.0
0.0
0.0
0.0
0.0
0.0
0.0
0.0
0.0
0.0
0.0
0.0
0.0
0.0
0.0
0.0
0.0
0.0
0.0
0.0
0.0
0.0
0.0
0.0
0.0
0.0
0.0
0.0
0.0
0.0
0.0
0.0
0.0
0.0
0.0
0.0
0.0
0.0
0.0
0.0
0.0
0.0
0.0
0.0
0.0
0.0
0.0
0.0
0.0
0.0
0.0
0.0
0.0
0.0
0.0
0.0
0.0
0.0
0.0
0.0
0.0
0.0
0.0
0.0
0.0
0.0
0.0
0.0
0.0
0.0
0.0
0.0
0.0
0.0
0.0
0.0
0.0
0.0
0.0
0.0
0.0
0.0
0.0
0.0
0.0
0.0
0.0
0.0
0.0
0.0
0.0
0.0
0.0
0.0
0.0
0.0
0.0
0.0
0.0
0.0
0.0
0.0
0.0
0.0
0.0
0.0
0.0
0.0
0.0
0.0
0.0
0.0
0.0
0.0
0.0
0.0
0.0
0.0
0.0
0.0
0.0
0.0
0.0
0.0
0.0
0.0
0.0
0.0
0.0
0.0
0.0
0.0
0.0
0.0
0.0
0.0
0.0
0.0
0.0
0.0
0.0
0.0
0.0
0.0
0.0
0.0
0.0
0.0
0.0
0.0
0.0
0.0
0.0
0.0
0.0
0.0
0.0
0.0
0.0
0.0
0.0
0.0
0.0
0.0
0.0
0.0
0.0
0.0
0.0
0.0
0.0
0.0
0.0
0.0
0.0
0.0
0.0
0.0
0.0
0.0
0.0
0.0
0.0
0.0
0.0
0.0
0.0
0.0
0.0
0.0
0.0
0.0
0.0
0.0
0.0
0.0
0.0
0.0
0.0
0.0
0.0
0.0
0.0
0.0
0.0
0.0
0.0
0.0
0.0
0.0
0.0
0.0
0.0
0.0
0.0
0.0
0.0
0.0
0.0
0.0
0.0
0.0
0.0
0.0
0.0
0.0
0.0
0.0
0.0
0.0
0.0
0.0
0.0
0.0
0.0
0.0
0.0
0.0
0.0
0.0
0.0
0.0
0.0
0.0
0.0
0.0
0.0
0.0
0.0
0.0
0.0
0.0
0.0
0.0
0.0
0.0
0.0
0.0
0.0
0.0
0.0
0.0
0.0
0.0
0.0
0.0
0.0
0.0
0.0
0.0
0.0
0.0
0.0
0.0
0.0
0.0
0.0
0.0
0.0
0.0
0.0
0.0
0.0
0.0
0.0
0.0
0.0
0.0
0.0
0.0
0.0
0.0
0.0
0.0
0.0
0.0
0.0
0.0
0.0
0.0
0.0
0.0
0.0
0.0
0.0
0.0
0.0
0.0
0.0
0.0
0.0
0.0
0.0
0.0
0.0
0.0
0.0
0.0
0.0
0.0
0.0
0.0
0.0
0.0
0.0
0.0
0.0
0.0
0.0
0.0
0.0
0.0
0.0
0.0
0.0
0.0
0.0
0.0
0.0
0.0
0.0
0.0
0.0
0.0
0.0
0.0
0.0
0.0
0.0
0.0
0.0
0.0
0.0
0.0
0.0
0.0
0.0
0.0
0.0
0.0
0.0
0.0
0.0
0.0
0.0
0.0
0.0
0.0
0.0
0.0
0.0
0.0
0.0
0.0
0.0
0.0
0.0
0.0
0.0
0.0
0.0
0.0
0.0
0.0
0.0
0.0
0.0
0.0
0.0
0.0
0.0
0.0
0.0
0.0
0.0
0.0
0.0
0.0
0.0
0.0
0.0
0.0
0.0
0.0
0.0
0.0
0.0
0.0
0.0
0.0
0.0
0.0
0.0
0.0
0.0
0.0
0.0
0.0
0.0
0.0
0.0
0.0
0.0
0.0
0.0
0.0
0.0
0.0
0.0
0.0
0.0
0.0
0.0
0.0
0.0
0.0
0.0
1.9963636363636361
0.27636363636363637
0.2863636363636364
0.0
0.0
0.0
0.0
0.0
0.0
0.0
0.0
0.0
0.0
0.0
0.0
0.0
0.0
5.7693939393939395
3.069090909090909
2.862878787878788
2.586363636363636
1.68
0.0
0.0
2.440909090909091
0.0
1.1336363636363636
3.1418181818181807
1.2909090909090908
0.0
0.0
0.0
0.0
0.0
0.0
0.0
0.0
0.0
0.0
0.0
0.0
5.731818181818183
3.4678787878787882
2.9704545454545457
2.709090909090909
0.04727272727272727
0.0
0.0
0.0
0.0
0.0
0.0
0.0
0.0
0.0
0.0
0.0
0.0
0.0
0.0
0.0
0.0
0.0
0.0
0.0
5.111969696969701
2.483636363636364
2.0290909090909093
0.0
0.0
0.0
0.0
0.0
0.0
0.0
0.0
0.0
0.0
0.0
0.0
0.0
0.0
0.0
0.0
0.0
0.0
0.0
0.0
0.0
0.0
0.0
0.0
0.0
0.0
0.0
0.0
0.0
0.0
0.0
0.0
0.0
0.0
0.0
0.0
0.0
0.0
0.0
0.0
0.0
0.0
0.0
0.0
0.0
0.0
0.0
0.0
0.0
0.0
0.0
0.0
0.0
0.0
0.0
0.0
0.0
0.0
0.0
0.0
0.0
0.0
0.0
0.0
0.0
0.0
0.0
0.0
0.0
0.0
0.0
0.0
0.0
0.0
0.0
0.0
0.0
0.0
0.0
0.0
0.0
0.0
0.0
0.0
0.0
0.0
0.0
0.0
0.0
0.0
0.0
0.0
0.0
0.0
0.0
0.0
0.0
0.0
0.0
0.0
0.0
0.0
0.0
0.0
0.0
0.0
0.0
0.0
0.0
0.0
0.0
0.0
0.0
0.0
0.0
0.0
0.0
0.0
0.0
0.0
0.0
0.0
0.0
0.0
0.0
0.0
0.0
0.0
0.0
0.0
0.0
0.0
0.0
0.0
0.0
0.0
0.0
0.0
0.0
0.0
0.0
0.0
0.0
0.0
0.0
0.0
0.0
0.0
0.0
0.0
0.0
0.0
0.0
0.0
0.0
0.0
0.0
0.0
0.0
0.0
0.0
0.0
0.0
0.0
0.0
0.0
0.0
0.0
0.0
0.0
0.0
0.0
0.0
0.0
0.0
0.0
0.0
0.0
0.0
0.0
0.0
0.0
0.0
0.0
0.0
0.0
0.0
0.0
0.0
0.0
0.0
0.0
0.0
0.0
0.0
0.0
0.0
0.0
0.0
0.0
0.0
0.0
0.0
0.0
0.0
0.0
0.0
0.0
0.0
0.0
0.0
0.0
0.0
0.0
0.0
0.0
0.0
0.0
0.0
0.0
0.0
0.0
0.0
0.0
0.0
0.0
0.0
0.0
0.0
0.0
0.0
0.0
0.0
0.0
0.0
0.0
0.0
0.0
0.0
0.0
0.0
0.0
0.0
0.0
0.0
0.0
0.0
0.0
0.0
0.0
0.0
0.0
0.0
0.0
0.0
0.0
0.0
0.0
0.0
0.0
0.0
0.0
0.0
0.0
0.0
0.0
0.0
0.0
0.0
0.0
0.0
0.0
0.0
0.0
0.0
0.0
0.0
0.0
0.0
0.0
0.0
0.0
0.0
0.0
0.0
0.0
0.0
0.0
0.0
0.0
0.0
0.0
0.0
0.0
0.0
0.0
0.0
0.0
0.0
0.0
0.0
0.0
0.0
0.0
0.0
0.0
0.0
0.0
0.0
0.0
0.0
0.0
0.0
0.0
0.0
0.0
0.0
0.0
0.0
0.0
0.0
0.0
0.0
0.0
0.0
0.0
0.0
0.0
0.0
0.0
0.0
0.0
0.0
0.0
0.0
0.0
0.0
0.0
0.0
0.0
0.0
0.0
0.0
0.0
0.0
0.0
0.0
0.0
0.0
0.0
0.0
0.0
0.0
0.0
0.0
0.0
0.0
0.0
0.0
0.0
0.0
0.0
0.0
0.0
0.0
0.0
0.0
0.0
0.0
0.0
0.0
0.0
0.0
0.0
0.0
0.0
0.0
0.0
0.0
0.0
0.0
0.0
0.0
0.0
0.0
0.0
0.0
0.0
0.0
0.0
0.0
0.0
0.0
0.0
0.0
0.0
0.0
0.0
0.0
0.0
0.0
0.0
0.0
0.0
0.0
0.0
0.0
0.0
4.468181818181819
2.833636363636364
1.1954545454545453
0.0
0.0
0.0
0.0
0.0
0.0
0.0
0.0
0.0
0.0
0.0
0.0
0.0
0.0
0.0
0.0
0.0
0.0
5.316363636363636
2.8598484848484844
2.588181818181818
1.269090909090909
0.0
0.0
0.0
0.0
0.0
0.0
0.0
0.0
0.0
0.0
0.0
0.0
0.0
0.0
0.0
0.0
0.0
0.0
0.0
0.0
4.781818181818181
2.902121212121214
2.2068181818181816
0.6490909090909092
0.0
0.0
0.0
0.0
0.0
0.0
0.0
0.0
0.0
0.0
0.0
0.0
0.0
0.0
0.0
0.0
0.0
0.0
0.0
0.0
0.0918181818181819
4.084545454545455
1.958181818181818
0.0
0.0
0.0
0.0
0.0
0.0
0.0
0.0
0.0
0.0
0.0
0.0
0.0
0.0
0.0
0.0
0.0
0.0
0.0
0.0
0.0
0.0
0.0
0.0
0.0
0.0
0.0
0.0
0.0
0.0
0.0
0.0
0.0
0.0
0.0
0.0
0.0
0.0
0.0
0.0
0.0
0.0
0.0
0.0
0.0
0.0
0.0
0.0
0.0
0.0
0.0
0.0
0.0
0.0
0.0
0.0
0.0
0.0
0.0
0.0
0.0
0.0
0.0
0.0
0.0
0.0
0.0
0.0
0.0
0.0
0.0
0.0
0.0
0.0
0.0
0.0
0.0
0.0
0.0
0.0
0.0
0.0
0.0
0.0
0.0
0.0
0.0
0.0
0.0
0.0
0.0
0.0
0.0
0.0
0.0
0.0
0.0
0.0
0.0
0.0
0.0
0.0
0.0
0.0
0.0
0.0
0.0
0.0
0.0
0.0
0.0
0.0
0.0
0.0
0.0
0.0
0.0
0.0
0.0
0.0
0.0
0.0
0.0
0.0
0.0
0.0
0.0
0.0
0.0
0.0
0.0
0.0
0.0
0.0
0.0
0.0
0.0
0.0
0.0
0.0
0.0
0.0
0.0
0.0
0.0
0.0
0.0
0.0
0.0
0.0
0.0
0.0
0.0
0.0
0.0
0.0
0.0
0.0
0.0
0.0
0.0
0.0
0.0
0.0
0.0
0.0
0.0
0.0
0.0
0.0
0.0
0.0
0.0
0.0
0.0
0.0
0.0
0.0
0.0
0.0
0.0
0.0
0.0
0.0
0.0
0.0
0.0
0.0
0.0
0.0
0.0
0.0
0.0
0.0
0.0
0.0
0.0
0.0
0.0
0.0
0.0
0.0
0.0
0.0
0.0
0.0
0.0
0.0
0.0
0.0
0.0
0.0
0.0
0.0
0.0
0.0
0.0
0.0
0.0
0.0
0.0
0.0
0.0
0.0
0.0
0.0
0.0
0.0
0.0
0.0
0.0
0.0
0.0
0.0
0.0
0.0
0.0
0.0
0.0
0.0
0.0
0.0
0.0
0.0
0.0
0.0
0.0
0.0
0.0
0.0
0.0
0.0
0.0
0.0
0.0
0.0
0.0
0.0
0.0
0.0
0.0
0.0
0.0
0.0
0.0
0.0
0.0
0.0
0.0
0.0
0.0
0.0
0.0
0.0
0.0
0.0
0.0
0.0
0.0
0.0
0.0
0.0
0.0
0.0
0.0
0.0
0.0
0.0
0.0
0.0
0.0
0.0
0.0
0.0
0.0
0.0
0.0
0.0
0.0
0.0
0.0
0.0
0.0
0.0
0.0
0.0
0.0
0.0
0.0
0.0
0.0
0.0
0.0
0.0
0.0
0.0
0.0
0.0
0.0
0.0
0.0
0.0
0.0
0.0
0.0
0.0
0.0
0.0
0.0
0.0
0.0
0.0
0.0
0.0
0.0
0.0
0.0
0.0
0.0
0.0
0.0
0.0
0.0
0.0
0.0
0.0
0.0
0.0
0.0
0.0
0.0
0.0
0.0
0.0
0.0
0.0
0.0
6.8927272727272735
3.041818181818181
2.9033333333333338
2.6243939393939395
2.479393939393939
1.1554545454545455
0.0
1.9036363636363633
0.0890909090909091
0.0
0.0
0.0
0.0
0.0
0.0
0.0
0.0
0.0
0.0
0.0
0.3245454545454545
3.1500000000000004
2.164393939393939
2.0809090909090906
2.0204545454545455
1.9627272727272727
1.1972727272727273
0.0
0.0
0.0
0.0
0.0
0.0
0.0
0.0
0.0
0.0
0.0
0.0
0.0
0.0
0.0
0.0
0.0
0.0
0.0
0.0
6.770909090909091
3.1986363636363637
3.2118181818181823
3.1427272727272726
3.322121212121212
3.774545454545455
3.0681818181818183
2.5545454545454547
2.6454545454545455
2.4718181818181817
1.0190909090909093
0.0
0.0
0.0
0.0
0.0
0.0
0.0
0.0
0.0
0.0
0.0
0.0
0.0
0.0
5.82469696969697
3.5736363636363637
3.1072727272727274
3.0854545454545454
3.0436363636363635
2.0890909090909093
0.0
0.0
0.0
0.0
0.0
0.0
0.0
0.0
0.0
0.0
0.0
0.0
0.0
0.0
0.0
0.0
0.0
0.0
6.116060606060609
3.7881818181818185
3.348030303030303
2.653939393939394
0.0
0.0
0.0
0.0
0.0
0.0
0.0
0.0
0.0
0.0
0.0
0.0
0.0
0.0
0.0
0.0
0.0
0.0
0.0
0.0
21.07181818181818
24.219090909090912
3.9
3.9
1.8927272727272735
0.8872727272727274
0.0
0.0
0.0
0.0
0.0
0.0
0.0
0.0
0.0
0.0
0.0
0.0
0.0
0.0
0.0
0.0
0.0
0.0
4.680000000000006
7.8000000000000105
7.8000000000000105
7.8000000000000105
0.0
0.0
0.0
0.0
0.0
0.0
0.0
0.0
0.0
0.0
0.0
0.0
0.0
0.0
0.0
0.0
0.0
0.0
0.0
0.0
0.0
0.0
0.0
0.0
0.0
0.9981818181818181
0.0
0.0
0.0
0.0
0.0
0.0
0.0
0.0
0.0
0.0
0.0
0.0
0.0
0.0
0.0
0.0
0.0
0.0
0.0
0.0
0.0
0.0
0.0
0.0
0.0
0.0
0.0
0.0
0.0
0.0
0.0
0.0
0.0
0.0
0.0
0.0
0.0
0.0
0.0
0.0
0.0
4.742121212121209
2.621060606060605
2.690624999999999
1.1001515151515144
0.0
0.0
0.0
0.0
0.0
0.0
0.0
0.0
0.0
0.0
0.0
0.0
0.0
0.0
0.0
0.0
0.0
0.0
0.0
0.0
0.0
5.335303030303033
3.1369696969696976
2.9596969696969704
2.481818181818182
2.9239393939393934
2.5972727272727276
1.3854545454545453
1.781818181818182
0.0
0.0
0.0
0.0
0.0
0.0
0.0
0.0
0.0
0.0
0.0
0.0
0.0
0.0
0.0
0.0
5.229090909090909
3.2445454545454555
2.7459090909090906
2.5834848484848476
2.34030303030303
2.421818181818182
2.3018181818181813
2.3053030303030297
2.2048484848484846
0.4072727272727273
0.0
0.0
0.0
0.0
0.0
0.0
0.0
0.0
0.0
0.0
0.0
0.0
0.0
0.0
4.418939393939393
2.6545454545454543
2.373636363636363
2.3
2.312575757575757
2.1039393939393936
2.2818181818181817
1.7156060606060608
0.0
0.0
3.5966666666666667
1.545606060606061
0.0
0.0
0.0
0.0
0.0
0.0
0.0
0.0
0.0
0.0
0.0
0.0
5.541818181818182
3.4036363636363647
2.7281818181818185
2.667272727272727
1.0227272727272727
0.0
0.0
0.0
0.0
0.0
0.0
0.0
0.0
0.0
0.0
0.0
0.0
0.0
0.0
0.0
0.0
0.0
0.0
0.0
5.414545454545455
3.07439393939394
2.840909090909091
2.520909090909091
2.2327272727272724
2.4048484848484843
1.6509090909090909
0.0
0.0
0.0
0.0
0.0
0.0
0.0
0.0
0.0
0.0
0.0
0.0
0.0
0.0
0.0
0.0
0.0
0.0
0.0
0.0
0.0
0.0
0.0
0.0
0.0
0.0
0.0
0.0
0.0
0.0
0.0
0.0
0.0
0.0
0.0
0.0
0.0
0.0
0.0
0.0
6.115000000000003
3.371060606060605
3.60030303030303
3.2454545454545456
2.580909090909091
1.4700000000000002
0.0
0.0
0.0
0.0
0.0
0.0
0.0
0.0
0.0
0.0
0.0
0.0
0.0
0.0
0.0
0.0
0.0
0.0
0.0
5.41
3.1709090909090913
2.8656060606060603
3.0577272727272726
3.9103030303030306
2.7845454545454547
1.906515151515152
0.0
0.0
3.133484848484848
2.8442424242424242
1.5136363636363634
0.0
0.0009090909090909091
0.0
0.0
0.06181818181818182
1.7354545454545451
0.0
0.0
0.0
0.0
0.0
0.0
6.2003030303030275
3.3633333333333337
3.200909090909091
2.975454545454545
2.955454545454545
2.6496969696969703
2.3745454545454545
2.571818181818182
2.672727272727273
2.522121212121212
2.319393939393939
1.3272727272727274
0.0
0.0
0.0
0.0
0.0
0.0
0.0
0.0
0.0
0.0
0.0
0.0
6.004090909090909
3.58
3.027272727272727
2.923636363636364
2.7045454545454546
2.33
1.1018181818181818
0.0
0.0
0.0
0.0
0.0
0.0
0.0
0.0
0.0
0.0
0.0
0.0
0.0
0.0
0.0
0.0
0.0
5.798939393939391
3.355454545454546
2.997272727272727
2.5781818181818177
2.36
0.2218181818181818
0.0
0.0
0.0
0.0
0.0
0.0
0.0
0.0
0.0
0.0
0.0
0.0
0.0
0.0
0.0
0.0
0.0
0.0
6.126363636363635
3.2899999999999996
2.848787878787879
2.5981818181818177
1.210909090909091
0.0
2.2654545454545456
0.0
0.0
0.0
0.0
0.0
0.0
0.0
0.0
0.0
0.0
0.0
0.0
0.5536363636363636
2.3954545454545455
1.585
1.546212121212121
1.6
1.7645454545454549
1.7354545454545454
1.489090909090909
0.3084848484848482
0.0
0.0
0.0
0.0
0.0
0.0
0.0
0.0
0.0
0.0
0.0
0.0
0.0
0.0
0.0
0.0
0.0
0.0
0.0
6.4845454545454535
3.6263636363636365
3.514545454545454
3.39
3.1681818181818175
2.600909090909091
0.0
0.0
0.0
0.0
0.0
0.0
0.0
0.0
0.0
0.0
0.0
0.0
0.0
0.0
0.0
0.0
0.0
0.0
0.0
6.256363636363637
3.6789393939393933
3.4427272727272733
3.2428787878787873
2.0300000000000002
0.0
0.0
0.0
0.0
0.0
0.0
0.0
0.0
0.0
0.0
0.0
0.0
0.0
0.0
0.0
0.0
0.0
0.0
0.0
5.983636363636363
3.7195454545454543
3.1963636363636367
3.001818181818182
1.9516024653312791
0.0
0.0
0.0
0.0
0.0
0.0
0.0
0.0
0.0
0.0
0.0
0.0
0.0
0.0
0.0
0.0
0.0
0.0
0.0
6.2281818181818185
3.9054545454545457
3.4536363636363636
3.1430303030303026
2.1636363636363636
0.0
0.0
0.0
0.0
0.0
0.0
0.0
0.0
0.0
0.0
0.0
0.0
0.0
0.0
0.0
0.0
0.0
0.0
0.0
6.840909090909091
3.886363636363636
3.4345454545454546
3.350909090909091
2.88560606060606
0.0
0.0
0.0
0.0
0.0
0.0
0.0
0.0
0.0
0.0
0.0
0.0
0.0
0.0
0.0
0.0
0.0
0.0
0.0
6.98727272727273
4.029090909090909
3.6072727272727265
3.078181818181818
1.8546969696969702
0.0
0.0
0.0
0.0
0.0
0.0
0.0
0.0
0.0
0.0
0.0
0.0
0.0
0.0
0.0
0.0
0.0
0.0
0.0
0.0
0.0
0.0
0.0
0.0
0.0
0.0
0.0
0.0
0.0
0.0
0.0
0.0
0.0
0.0
0.0
0.0
0.0
0.0
0.0
0.0
0.0
0.0
6.8527272727272734
4.185454545454545
4.053636363636364
3.6154545454545457
3.478181818181818
3.0290909090909093
1.0445454545454547
0.0
0.0
4.277272727272728
1.1045454545454554
0.0
2.895454545454547
0.0
0.0
0.0
0.0
0.0
0.0
0.0
0.0
0.0
0.0
0.0
0.0
5.467805642633229
3.394545454545455
3.0545454545454547
3.002727272727273
0.0
0.0
0.0
0.0
0.0
0.0
0.0
0.0
0.0
0.0
0.0
0.0
0.0
0.0
0.0
0.0
0.0
0.0
0.0
0.0
5.637575757575757
3.7427272727272736
3.227272727272728
3.0545454545454547
2.7581818181818183
2.251818181818182
1.7310606060606064
0.0
0.0
3.1542424242424234
2.4654545454545453
1.3872727272727272
0.0
0.0
0.0
0.0
0.0
0.0
0.0
0.0
0.0
0.0
0.0
0.0
5.557121212121212
3.5398484848484846
3.3048484848484843
3.1900000000000004
3.0259090909090913
2.8425757575757573
2.813636363636363
2.921818181818182
3.0651515151515145
2.8554545454545455
2.6569696969696968
1.4545454545454546
0.0
0.0
0.0
0.0
0.0
0.0
0.0
0.0
0.0
0.0
0.0
0.0
5.62030303030303
3.5845454545454554
3.51878787878788
3.188181818181818
2.849090909090909
1.6845454545454546
0.0
0.0
0.0
0.8645454545454545
3.562727272727274
1.44
0.0
0.0
0.0
0.0
0.0
0.0
0.0
0.0
0.0
0.0
0.0
0.0
5.540909090909091
3.503030303030302
3.125454545454545
3.002727272727273
1.6239393939393936
2.7072727272727275
2.561818181818182
2.6290909090909076
0.057272727272727274
0.0
0.0
0.0
0.0
0.0
0.0
0.0
0.0
1.4872727272727282
2.105454545454545
1.1309090909090909
1.7375757575757573
1.7100000000000002
1.7809090909090906
1.8190909090909093
1.903636363636364
1.7839393939393937
1.7636363636363634
1.6683333333333332
0.06363636363636363
0.0
0.0
0.0
0.0
0.0
0.0
0.0
0.0
0.0
0.0
0.0
0.4327272727272727
2.261818181818182
0.0
0.0
0.0
0.0
0.0
6.897272727272727
4.081818181818182
3.612727272727273
3.804090909090909
4.090909090909091
4.382727272727274
3.5900000000000003
0.4318181818181818
3.300454545454545
3.1636363636363636
2.8663636363636362
3.166060606060607
1.4996969696969698
0.0
1.5300000000000002
2.038333333333333
2.1318181818181814
2.1354545454545453
1.1284848484848482
0.0
0.0
0.0
0.0
0.0
0.0
7.612878787878788
4.215757575757575
4.331818181818182
4.338866248693835
4.06
4.775454545454545
4.781818181818182
4.524545454545454
4.631818181818182
4.404545454545453
4.2681818181818185
2.188181818181818
1.7121212121212117
2.0636363636363635
2.183787878787879
2.0256060606060595
2.078181818181818
1.221818181818182
0.0
0.0
0.0
0.0
0.0
0.0
8.361316614420064
3.83
4.085454545454545
4.494545454545454
4.1881818181818184
3.9936363636363637
4.196363636363636
3.7836363636363632
3.1072727272727274
3.212878787878788
3.1845454545454546
2.0690909090909093
1.7436363636363637
2.087272727272727
2.4045454545454543
2.4745454545454546
2.533636363636364
1.3472727272727274
0.0
0.0
0.0
0.0
0.0
0.0
7.506363636363637
3.7118181818181815
4.156753246753246
3.42
3.7568181818181823
4.03012539184953
3.9348484848484846
3.878181818181818
3.795757575757575
3.5990909090909096
3.8127272727272725
2.195
2.6209090909090906
2.6727272727272724
2.8190909090909093
2.8890909090909087
2.5754545454545457
1.4813636363636364
0.0
0.0
0.0
0.0
0.0
0.0
8.654545454545456
4.863636363636363
4.363484848484848
3.753636363636363
3.743636363636364
4.115454545454546
4.663636363636362
4.670909090909091
3.894545454545454
4.004848484848486
4.218181818181819
2.0436363636363635
2.1027272727272726
2.4563636363636365
2.4081818181818178
2.4145454545454546
2.462121212121212
1.26530303030303
0.0
0.0
0.0
0.0
0.0
0.0
7.8887878787878805
4.410909090909092
3.790909090909091
4.380454545454546
4.16090909090909
3.836363636363636
3.6136363636363638
3.527272727272728
0.0
0.0
0.0
3.214393939393939
2.445454545454545
2.4827272727272724
2.662727272727273
2.544545454545455
2.7068181818181816
2.4618181818181815
2.5772727272727276
2.1781818181818178
2.209090909090909
2.362727272727273
2.2781818181818183
2.2736363636363635
2.2310606060606064
2.3977272727272725
2.3736363636363635
2.1636363636363636
0.5163636363636364
0.0
0.0
0.0
0.0
0.0
0.0
0.0
0.0
3.2080303030303026
2.313787878787879
2.376666666666666
2.34939393939394
1.37969696969697
0.0
0.0
0.0
0.0
0.0
8.017878787878786
4.297121212121213
4.686969696969698
3.6868181818181807
3.835454545454546
3.3457575757575766
3.2118181818181815
3.7368181818181814
3.5971212121212117
3.308787878787878
3.0877272727272724
3.51439393939394
2.1163636363636353
0.5172727272727269
2.3313636363636365
2.6607575757575757
2.5304545454545466
2.6148484848484848
1.6976065742167434
0.0
0.0
0.0
0.0
0.0
0.0
7.652878787878792
4.537643678160919
3.5154545454545456
3.541818181818182
3.58
3.1577272727272727
3.1345454545454547
2.9763636363636365
2.9128787878787885
3.001818181818182
3.1101515151515158
2.149090909090909
0.7454545454545456
1.575151515151515
2.041818181818182
1.842727272727273
1.8959090909090905
1.1863636363636365
0.0
0.0
0.0
0.0
0.0
0.0
7.884545454545454
4.188333333333334
3.459310344827586
3.873636363636363
4.515454545454545
4.335454545454545
3.723181818181818
4.115736677115989
4.004545454545454
3.607727272727273
3.937272727272727
2.3575757575757565
0.0
0.0
0.0
0.0
0.0
0.0
0.0
0.0
0.0
0.0
0.0
0.0
9.32
5.792727272727273
5.09287878787879
4.705151515151516
3.0090909090909106
3.4186363636363626
4.356363636363636
4.865909090909091
4.609999999999999
4.348181818181819
4.3169696969696965
2.2636363636363637
0.0
0.0
0.0
0.0
0.0
0.0
0.0
0.0
0.0
0.0
0.0
0.0
9.67106060606061
6.6033333333333335
5.527272727272726
4.8539393939393936
3.602727272727272
3.7954545454545454
1.7963636363636362
0.7187878787878781
4.629090909090909
3.665454545454546
3.5092424242424243
2.194393939393939
0.0
0.0
0.0
0.0
0.0
0.0
0.0
0.0
0.0
0.0
0.0
0.0
8.69818181818182
5.0098484848484865
3.9910606060606058
4.441818181818181
3.6609090909090907
4.0177272727272735
3.3290909090909095
3.572575757575757
0.046363636363636364
0.0
0.0
0.0
0.0
0.0
0.0
0.0
0.0
0.0
0.0
0.0
0.0
0.0
0.0
0.0
0.0
0.0
0.0
0.0
0.0
0.0
0.0
0.0
0.0
0.0
0.0
0.0
0.0
0.0
0.0
0.0
0.0
0.0
0.0
0.0
0.0
0.0
0.0
10.356818181818184
6.420909090909089
5.829848484848484
5.329999999999999
5.024848484848487
3.818787878787879
2.577575757575758
1.904090909090909
0.0
0.0
0.0
6.1153030303030285
2.873636363636364
0.0
0.0
0.0
0.0
0.0
0.0
0.0
0.0
0.0
0.0
0.0
0.0
10.297153846153853
6.656363636363637
4.966363636363635
4.274545454545455
1.6881818181818182
0.0
0.0
0.0
0.0
0.0
3.3818181818181827
2.7545454545454557
0.0
0.0
0.0
0.0
0.0
3.003030303030303
0.0
0.0
0.0
0.0
0.0
0.0
9.349090909090906
6.14
5.102727272727275
4.919090909090909
4.403636363636365
4.260000000000001
4.2654545454545465
4.255454545454546
3.8572727272727274
3.625757575757575
3.8466666666666667
2.5245454545454544
0.0
0.0
0.0
0.0
3.167272727272726
1.5654545454545454
0.0
0.0
0.0
0.0
0.0
0.0
8.745454545454544
5.491097178683385
4.614329738058552
3.8772727272727265
0.16454545454545455
0.0
0.0
0.0
0.0
0.0
0.0
3.191818181818182
0.0
0.0
0.0
0.0
1.9415151515151516
1.6881818181818182
0.0
0.0
0.0
0.0
0.0
0.0
9.530909090909091
5.743636363636364
4.912727272727273
4.915757575757578
4.342727272727273
3.8490909090909096
3.702727272727273
3.513787878787879
3.7981818181818183
3.955454545454544
4.426515151515153
2.3445454545454543
0.0
1.3418181818181827
2.6345454545454543
2.3963636363636365
2.5559090909090902
1.44
0.0
0.0
0.0
0.0
0.0
0.0
9.707272727272727
5.661818181818183
4.728181818181818
4.458181818181818
3.591818181818182
3.475454545454546
0.9145454545454546
0.0
0.0
0.0
0.0
0.0
0.0
3.8815151515151514
2.799090909090909
2.7475757575757584
2.682878787878788
2.7318181818181824
2.65969696969697
2.750909090909091
2.895454545454545
2.8790909090909085
3.0045454545454544
2.95469696969697
2.908181818181818
2.9
2.664848484848484
0.0
0.0
0.0
0.0
0.0
0.0
0.0
0.0
0.0
0.0
0.0
0.0
0.0
0.0
0.0
0.0
0.0
0.0
0.0
0.0
10.078181818181818
5.96909090909091
5.186520376175548
5.158181818181817
4.722727272727273
3.0481818181818183
0.0
0.0
0.0
0.0
0.0
4.8909090909090915
2.6954545454545458
0.0
0.8072727272727271
2.803181818181818
2.400909090909091
2.309090909090909
1.34
0.0
0.0
0.0
0.0
0.0
0.0
9.785454545454545
5.840909090909088
4.584545454545455
3.794545454545454
3.4872727272727273
1.7854545454545454
1.6418181818181816
0.3709090909090909
1.6028787878787882
3.5736363636363637
3.3790909090909094
3.5
3.5
3.5
3.5
3.5
3.5
3.5
3.5
3.5
3.5
3.5
3.5
3.5
4.91818181818182
6.600000000000009
6.600000000000009
6.600000000000009
6.600000000000009
4.817272727272733
2.7100000000000004
0.859090909090909
0.0
0.0
0.0
0.0
0.0
0.0
0.0
0.0
0.0
0.0
0.0
0.0
0.0
0.0
0.0
0.0
0.0
0.0
2.0127272727272727
2.312878787878788
0.0
0.0
0.0
0.0
0.0
0.0
0.0
0.0
0.0
0.0
0.0
0.0
0.0
0.0
0.0
0.0
0.0
0.0
0.0
0.0
0.0
3.9927272727272722
3.0045454545454544
2.880909090909091
2.9563636363636365
2.5154545454545456
0.0
0.0
0.0
0.025454545454545455
4.706363636363634
1.4545454545454546
0.0
0.0
0.0
0.0
0.0
0.0
0.0
0.0
0.0
0.0
0.0
0.0
5.28909090909091
3.1245454545454536
2.523030303030303
1.619090909090909
0.0
0.0
0.0
0.0
0.0
0.0
0.0
0.0
0.0
0.0
0.0
0.0
0.0
0.0
0.0
0.0
0.0
0.0
0.0
0.0
0.0
0.0
0.0
0.0
0.0
0.0
0.0
0.0
0.0
0.0
0.0
0.0
0.0
0.0
0.0
0.0
0.0
0.0
0.0
0.0
0.0
0.0
0.0
6.227272727272728
3.8672727272727254
3.83
3.4963636363636357
2.514545454545454
1.696212121212121
2.7627272727272727
2.62
3.227878787878788
3.0572727272727276
3.3236363636363637
3.1356060606060607
2.0272727272727273
0.0
0.0
0.0
0.0
0.0
0.0
0.0
0.0
0.0
0.0
0.0
0.0
5.959999999999999
3.84153605015674
2.790909090909091
3.2769696969696964
3.909090909090909
3.7579623824451414
3.6580303030303027
3.208181818181818
2.6490909090909094
2.5254545454545454
2.6700000000000004
1.8154545454545454
0.0
0.0
0.0
0.0
0.0
0.0
0.0
0.0
0.0
0.0
0.0
0.0
6.915757575757571
4.047121212121213
3.1404545454545456
3.0562121212121203
3.1118181818181823
2.872272727272727
2.93030303030303
2.928636363636364
2.8272727272727276
2.5463636363636364
2.5892424242424243
1.4945454545454544
0.0
0.0
0.0
0.0
0.0
0.0
0.0
0.0
0.0
0.0
0.0
0.0
6.713636363636363
4.321969696969697
3.0930303030303024
3.0519696969696977
1.2354545454545454
0.32
2.782727272727273
3.7115151515151523
3.393636363636365
3.104545454545456
2.4099999999999997
1.9845454545454537
0.0
0.0
0.0
0.0
0.0
0.0
0.0
0.0
0.0
0.0
0.0
0.0
6.427727272727273
3.790909090909091
2.86
3.340909090909091
3.5134848484848478
3.0790909090909087
2.975454545454545
2.7286363636363635
3.264545454545455
3.161818181818182
3.152121212121212
1.6290909090909091
0.4918181818181818
1.6818181818181819
1.7436363636363637
1.7665151515151516
1.8546969696969697
0.9422727272727273
0.0
0.0
0.0
0.0
0.0
0.0
7.626212121212123
4.240909090909091
3.0286363636363642
3.0575757575757576
3.313636363636363
3.0818181818181816
3.4103030303030297
3.320909090909091
0.0
2.0118181818181817
1.839242424242424
1.9981818181818183
1.9018181818181816
1.8578787878787872
2.1924242424242424
2.1209090909090906
2.068181818181818
1.8672727272727272
1.8881818181818184
2.2263636363636365
1.9745454545454548
1.8509090909090913
1.8259090909090907
0.38272727272727275
0.0
0.0
0.0
0.0
0.0
0.0
0.0
0.0
0.0
0.0
0.0
0.0
0.0
0.0
0.0
0.0
0.0
0.0
0.0
0.0
0.0
0.0
0.0
7.7375757575757556
4.670454545454545
4.216363636363636
3.6245454545454545
3.191363636363636
3.7665151515151525
4.26090909090909
3.9472727272727273
4.3093939393939396
3.9518181818181817
3.583484848484848
4.051818181818182
2.4227272727272724
0.0
0.0
0.0
0.0
0.0
0.0
0.0
0.0
0.0
0.0
0.0
0.0
7.957272727272727
5.134242424242424
3.834242424242424
3.2353030303030295
2.802424242424242
3.8451515151515143
2.966363636363636
3.970909090909092
3.3690909090909087
2.7036363636363636
2.939090909090909
2.182727272727273
0.0
0.0
0.0
0.0
0.0
0.0
0.0
0.0
0.0
0.0
0.0
0.0
7.391818181818181
5.255454545454544
4.050909090909091
3.6751515151515153
3.5768181818181817
4.079090909090909
2.9936363636363637
2.5599999999999996
3.630000000000001
3.9045454545454534
4.240151515151515
2.4699999999999998
0.0
0.0
0.0
0.0
0.0
0.0
0.0
0.0
0.0
0.0
0.0
0.0
7.538181818181818
5.346363636363637
5.171969696969699
4.408954802259888
3.8799999999999994
3.766363636363636
3.743636363636364
4.210909090909091
4.794242424242423
4.53909090909091
4.825303030303031
2.58
1.3804545454545454
1.8590909090909087
2.056212121212121
1.8272727272727274
1.9136363636363634
1.26
0.0
0.0
0.0
0.0
0.0
0.0
8.290454545454546
5.4363636363636365
4.502272727272727
4.41681818181818
3.8056060606060615
3.6700000000000004
5.260909090909092
4.9336363636363645
4.415454545454545
4.063636363636364
3.8790909090909094
2.4539393939393936
2.2954545454545454
2.8436363636363637
3.2981818181818183
2.8463636363636367
2.4690909090909092
1.478181818181818
0.0
0.0
0.0
0.0
0.0
0.0
8.853939393939392
4.952727272727273
4.211515151515152
4.0609090909090915
3.8463636363636358
3.969090909090909
3.6254545454545455
4.084545454545454
1.1181818181818182
2.679090909090909
2.5336363636363637
2.5736363636363637
2.899090909090909
2.941818181818182
3.2318181818181824
2.8180303030303024
2.9845454545454544
3.1172727272727276
2.820909090909091
3.023939393939394
2.9600000000000004
3.1389393939393937
3.340909090909091
3.0381818181818185
3.116515151515152
3.3619696969696973
3.3854545454545457
3.225757575757575
2.825
2.908484848484848
2.8827272727272732
2.2372727272727273
2.5645454545454545
2.4118181818181816
2.991818181818182
3.2436363636363637
3.022272727272727
3.3499999999999996
3.2754545454545454
3.4000000000000004
3.437878787878788
1.8981818181818182
0.0
0.0
0.0
0.0
0.0
8.90363636363637
5.513636363636364
5.476060606060605
5.21030303030303
4.943636363636364
4.517575757575757
4.47909090909091
5.497272727272727
5.35
4.914545454545454
4.4816666666666665
4.318181818181818
2.6178787878787877
3.311515151515152
3.576060606060606
3.9849999999999994
3.4327272727272726
3.61090909090909
2.1354545454545453
0.0
0.0
0.0
0.0
0.0
0.0
10.937272727272727
7.2309090909090905
6.307272727272727
6.762727272727272
6.300909090909091
6.460909090909092
5.258181818181817
5.041666666666666
5.716363636363638
5.649696969696969
6.206363636363634
3.9487878787878787
3.8904545454545456
4.240909090909091
5.118181818181818
4.495909090909091
4.4772727272727275
2.7772727272727273
0.0
0.0
0.0
0.0
0.0
0.0
11.921363636363635
8.112575757575756
7.441818181818183
7.161818181818182
7.436060606060605
6.839393939393938
6.625757575757574
5.58909090909091
6.256666666666666
6.238181818181818
5.996818181818186
3.768636363636364
3.591666666666667
4.334545454545455
4.412272727272727
4.04
4.001818181818181
2.299545454545455
0.0
0.0
0.0
0.0
0.0
0.0
12.115000000000002
8.505454545454548
7.808181818181819
6.746363636363639
6.070000000000002
5.3599999999999985
3.6890909090909094
4.543030303030303
4.628181818181818
5.197575757575757
5.471818181818182
3.080909090909091
2.2145454545454544
3.180909090909091
3.461363636363636
3.36
3.816363636363637
2.1045454545454545
0.0
0.0
0.0
0.0
0.0
0.0
13.296666666666665
10.054545454545455
8.784090909090908
6.568181818181817
5.258181818181817
5.008030303030303
4.645454545454544
4.2678787878787885
4.359090909090909
4.791666666666665
5.618333333333331
3.489090909090908
3.505909090909091
3.7881818181818185
3.4718181818181817
2.8845454545454547
2.966515151515151
1.8045454545454545
0.0
0.0
0.0
0.0
0.0
0.0
10.086666666666664
5.561818181818183
4.485454545454545
4.61
4.429696969696971
4.4362121212121215
4.4784848484848485
4.5209090909090905
0.9681818181818183
2.5727272727272728
2.9277272727272727
2.976363636363636
3.0590909090909095
2.910909090909091
3.023787878787879
2.960909090909091
2.9099999999999997
3.1609090909090907
3.328181818181818
3.565454545454546
3.3146969696969695
3.300151515151514
3.1707575757575768
3.1995454545454547
3.0300000000000007
3.092727272727273
3.1436363636363636
3.0809090909090915
2.784545454545455
2.576060606060606
2.3442424242424242
2.5983333333333336
2.6809090909090907
2.870909090909091
2.9450000000000003
2.834090909090909
2.9000000000000004
3.0457575757575768
3.047272727272727
2.93
2.944545454545455
1.6809090909090911
0.0
0.0
0.0
0.0
0.0
10.360151515151516
6.0125757575757595
5.753636363636364
5.898939393939393
5.738181818181818
5.300000000000001
5.387272727272722
4.695454545454545
4.800909090909091
5.320909090909091
5.202727272727273
5.210757575757575
2.597272727272727
1.7199999999999998
2.359242424242425
2.499393939393939
2.6263636363636365
2.665606060606061
1.3745454545454545
0.0
0.0
0.0
0.0
0.0
0.0
9.78181818181818
8.173636363636364
6.70181818181818
6.162121212121213
6.4872727272727255
7.279242424242426
6.409999999999999
5.76712121212121
5.232727272727274
5.365454545454546
5.17181818181818
3.1472727272727283
1.749090909090909
2.3836363636363638
2.8045454545454547
2.355606060606061
2.538484848484848
1.4263636363636365
0.0
0.0
0.0
0.0
0.0
0.0
9.646363636363636
6.704545454545454
5.701818181818182
5.627272727272727
5.445454545454545
5.376363636363638
5.042272727272728
5.4715151515151526
4.704545454545455
4.87439393939394
5.264242424242425
2.965454545454546
2.221818181818182
3.1375757575757572
3.1998484848484847
2.635454545454545
2.51
1.4500000000000002
0.0
0.0
0.0
0.0
0.0
0.0
9.885909090909092
6.781818181818181
5.667272727272727
5.046363636363636
5.346000000000002
0.6781818181818182
0.0
0.0
2.5836363636363626
5.873484848484847
5.236363636363635
2.878181818181818
1.1954545454545455
2.179090909090909
2.651818181818182
2.31
2.332272727272727
1.387575757575757
0.0
0.0
0.0
0.0
0.0
0.0
9.013333333333334
5.714545454545455
4.881818181818182
4.980909090909091
5.1072727272727265
4.847424242424243
4.152727272727272
4.036363636363638
3.4481818181818173
3.8656060606060616
3.9072727272727277
2.3343939393939404
2.083636363636364
2.2836363636363637
2.398787878787878
2.308181818181818
2.188181818181818
1.3686363636363637
0.0
0.0
0.0
0.0
0.0
0.0
7.592575757575758
4.599848484848485
3.8322727272727275
4.092727272727273
3.8290909090909087
3.754545454545455
3.627575757575757
3.805151515151515
0.5436363636363638
2.029090909090909
2.2854545454545456
1.8901515151515154
2.2036363636363636
2.34
2.14
2.4590909090909094
2.439090909090909
2.363030303030303
2.5428787878787884
2.5498484848484853
2.6354545454545457
2.66
2.5536363636363637
2.5627272727272725
2.6857575757575756
2.5437878787878794
2.4121212121212117
2.209090909090909
2.259090909090909
1.6581818181818184
0.0
0.0
0.0
0.0
0.0
0.0
2.132727272727273
2.5890909090909093
2.1363636363636362
2.0909090909090913
2.131818181818182
1.1381818181818182
0.0
0.0
0.0
0.0
0.0
7.527272727272725
4.155454545454545
4.54030303030303
4.925909090909091
5.525454545454546
4.699090909090909
0.630909090909091
1.1263636363636365
0.0
0.0
5.539545454545454
4.571818181818182
2.3145454545454545
0.0
0.0
0.0
0.0
0.0
0.0
0.0
0.0
0.0
0.0
0.0
0.0
8.43030303030303
5.3563636363636355
5.0656060606060604
4.368181818181818
3.5954545454545457
1.7615151515151517
0.0
0.0
1.44
4.493636363636363
3.8681818181818177
2.0327272727272727
0.0
0.0
0.0
0.0
0.0
1.1027272727272728
0.0
0.0
0.0
0.0
0.0
0.0
7.851212121212122
5.140909090909091
4.754090909090909
4.374545454545454
4.160909090909092
3.8680303030303036
3.991818181818182
3.625454545454545
4.049696969696971
3.9272727272727277
4.348181818181818
2.7621212121212118
2.402121212121212
3.1566666666666667
2.938181818181818
3.1546969696969707
3.0090909090909093
1.7218181818181817
0.0
0.0
0.0
0.0
0.0
0.0
10.807272727272727
7.751363636363635
6.149090909090909
4.870909090909091
5.078484848484848
4.153636363636364
4.303636363636364
3.986363636363637
4.122727272727272
4.363636363636363
4.132575757575757
2.647272727272727
2.722727272727273
3.2189393939393938
3.4936363636363637
2.960909090909091
2.9890909090909092
1.700909090909091
0.0
0.0
0.0
0.0
0.0
0.0
9.592727272727274
5.708484848484847
5.141818181818182
5.200909090909092
5.283181818181817
5.078787878787879
4.7786363636363625
4.766969696969697
4.944848484848484
4.440909090909091
4.556515151515151
2.7807575757575758
2.578181818181818
2.925
3.217424242424242
2.800606060606061
2.7657575757575756
1.6154545454545455
0.0
0.0
0.0
0.0
0.0
0.0
8.94712121212121
5.525454545454545
4.701969696969696
4.926515151515151
4.51469696969697
4.492727272727276
4.290000000000006
4.4768181818181825
0.820909090909091
2.4915151515151517
2.811818181818182
2.5440909090909085
2.7725757575757575
2.5616666666666665
2.7572727272727273
2.6090909090909093
2.455151515151516
2.7736363636363635
2.565454545454546
2.8754545454545455
2.6609090909090907
2.808787878787879
2.857424242424243
3.043636363636364
2.841818181818182
3.014545454545454
2.8081818181818186
3.0472727272727274
2.880909090909091
2.727272727272727
2.814545454545455
2.7118181818181815
2.8609090909090904
2.8807575757575754
2.9681818181818183
3.0654545454545445
2.9736363636363636
3.0154545454545456
2.9699999999999993
2.8542424242424245
2.8927272727272726
1.5254545454545456
0.0
0.0
0.0
0.0
0.0
8.94272727272727
5.665454545454546
5.220151515151515
6.117272727272726
5.445757575757576
5.026363636363635
4.351818181818182
4.351666666666666
4.272727272727272
4.220909090909091
4.770909090909091
4.808787878787879
2.7590909090909093
2.369090909090909
3.0983333333333336
3.200909090909091
2.9145454545454546
3.0213636363636365
1.7536363636363637
0.0
0.0
0.0
0.0
0.0
0.0
9.463636363636363
6.673787878787878
7.0090909090909115
5.223181818181819
4.52909090909091
3.8209090909090904
1.5581818181818183
4.526363636363636
3.819545454545455
4.162424242424243
4.249090909090909
2.156363636363636
2.188181818181818
2.376969696969697
2.5810606060606065
2.287272727272727
2.2481818181818185
1.2690909090909093
0.0
0.0
0.0
0.0
0.0
0.0
8.613636363636362
5.444545454545454
4.872727272727272
4.821818181818181
4.48606060606061
4.573333333333332
4.222272727272728
4.610909090909091
3.980909090909091
3.989999999999999
4.12878787878788
2.190909090909091
0.0
0.0
0.0
0.0
0.0
0.0
0.0
0.0
0.0
0.0
0.0
0.0
6.878484848484848
4.765454545454545
4.536363636363637
4.722121212121212
4.408181818181818
3.9351515151515155
1.672727272727272
1.319090909090909
0.879090909090909
5.226060606060606
3.9881818181818187
2.305454545454545
0.0
0.0
0.0
0.0
0.0
0.0
0.0
0.0
0.0
0.0
0.0
0.0
7.163636363636365
5.60439393939394
5.056363636363637
4.694545454545453
4.142878787878787
4.057272727272728
3.792878787878787
3.9790909090909095
3.9527272727272726
4.072727272727274
3.7718181818181806
2.0727272727272723
0.0
0.0
0.0
0.0
0.0
0.0
0.0
0.0
0.0
0.0
0.0
0.0
7.51439393939394
4.953636363636364
4.260909090909092
3.7234848484848495
2.9792424242424236
1.4218181818181819
0.9863636363636363
0.0
0.0
0.0
0.0
0.0
0.0
0.0
0.0
0.0
0.0
0.0
0.0
0.0
0.0
0.0
0.0
0.0
0.0
0.0
0.0
0.0
0.0
0.0
0.0
0.0
0.0
0.0
0.0
0.0
0.0
0.0
0.0
0.0
0.0
0.0
0.0
0.0
0.0
0.0
0.0
8.508181818181821
5.535757575757575
5.489090909090908
5.5236363636363635
4.903636363636365
4.242878787878787
4.103636363636365
3.8959090909090945
3.6990909090909097
4.302424242424242
4.02909090909091
4.232424242424243
2.508181818181818
0.8990909090909092
2.3136363636363635
2.462727272727273
2.2072727272727266
2.1936363636363634
1.3265151515151519
0.0
0.0
0.0
0.0
0.0
0.0
7.768181818181821
5.158181818181817
4.70939393939394
4.305151515151516
3.9009090909090913
3.692727272727272
3.657272727272727
3.4798484848484863
3.5643939393939403
3.8495454545454537
3.7263636363636365
2.18
0.0
0.0
0.0
0.0
0.0
0.0
0.0
0.0
0.0
0.0
0.0
0.0
7.446363636363636
5.3584848484848475
5.0269696969696955
4.282575757575757
3.81939393939394
3.725454545454546
3.9099999999999993
3.967727272727272
3.76348484848485
3.9936363636363628
4.129545454545454
2.7413636363636376
2.0624242424242425
2.6809090909090907
2.7663636363636366
2.666363636363636
3.0069696969696973
1.6645454545454548
0.0
0.0
0.0
0.0
0.0
0.0
8.512575757575755
6.195454545454546
5.245606060606062
4.857272727272728
4.157272727272726
4.096969696969695
3.299090909090909
3.4278787878787877
1.8625757575757567
4.762424242424243
4.333636363636364
2.4181818181818184
0.0
0.0
0.0
0.0
0.27090909090909093
2.5263636363636355
0.0
0.0
0.0
0.0
0.0
0.0
8.726666666666665
6.6963636363636345
6.069090909090911
5.885000000000002
5.8978787878787875
5.9372727272727275
5.673636363636365
5.658181818181817
5.743636363636365
5.472727272727273
5.228333333333334
2.6266666666666665
0.0
0.0
0.0
0.0
0.0
0.0
0.0
0.0
0.0
0.0
0.0
0.0
7.409696969696973
5.043484848484849
4.546363636363636
4.187121212121212
3.8154545454545454
0.10727272727272727
0.0
0.0
0.0
0.0
0.0
0.0
0.0
0.0
0.0
0.0
0.0
0.0
0.0
0.0
0.0
0.0
0.0
0.0
0.0
0.0
0.0
0.0
0.0
0.0
0.0
0.0
0.0
0.0
0.0
0.0
0.0
0.0
2.3545454545454545
3.6345454545454543
3.4736363636363636
1.9672727272727273
0.0
0.0
0.0
0.0
0.0
9.202424242424243
6.599090909090908
7.531515151515154
7.380757575757576
6.7751515151515145
5.564696969696971
4.4018181818181805
4.36969696969697
4.156363636363636
4.402727272727272
4.76
5.053636363636364
2.8700000000000006
2.1390909090909096
3.040909090909091
3.027272727272727
2.84
2.9072727272727272
1.7672727272727273
0.0
0.0
0.0
0.0
0.0
0.0
10.925606060606063
8.701818181818183
7.471818181818182
7.296060606060606
5.477272727272726
4.595
4.409999999999999
4.428787878787879
4.765454545454546
4.788030303030304
4.65030303030303
2.744848484848484
2.070909090909091
2.7963636363636364
2.893636363636364
3.108181818181818
2.9218181818181814
1.8072727272727276
0.0
0.0
0.0
0.0
0.0
0.0
11.528939393939392
9.298636363636364
8.651060606060607
8.361818181818181
7.513484848484845
5.633787878787879
4.711818181818182
4.372575757575757
4.548939393939393
5.414848484848486
6.193939393939394
3.6237878787878803
2.7509090909090905
3.4265151515151517
4.785
3.475454545454546
3.29969696969697
1.9772727272727273
0.0
0.0
0.0
0.0
0.0
0.0
10.527272727272726
7.8612121212121195
7.578181818181817
6.871515151515152
6.744545454545454
6.568484848484847
5.151818181818181
5.499090909090907
5.938181818181818
5.512727272727274
6.090909090909093
3.6703030303030304
3.9072727272727277
4.208181818181817
4.0227272727272725
3.413636363636364
3.477272727272727
